year,week,prcp_week_in,TMAX,TMIN,TAVG,AWND,capacity_factor,rain_category,labor_hours,plant_start_week,plant_end_week,harvest_start_week,harvest_end_week,is_plant_window,is_harvest_window,labor_hours_base,harvest_weather_factor
2015,1,1.1395238095238096,34.69736842105263,17.69736842105263,27.45,9.19090909090909,0.7,moderate,72255.85714285714,16,20,36,43.0,False,False,5057910.0,
2015,2,0.2813565891472868,18.74436090225564,0.556390977443609,10.314285714285717,11.903896103896104,0.9,light,72255.85714285714,16,20,36,43.0,False,False,5057910.0,
2015,3,0.1476264591439687,33.54135338345865,13.803030303030305,25.2,8.815584415584414,0.9,light,72255.85714285714,16,20,36,43.0,False,False,5057910.0,
2015,4,0.1305555555555552,39.53383458646616,26.900763358778622,34.142857142857146,6.849350649350649,0.9,light,72255.85714285714,16,20,36,43.0,False,False,5057910.0,
2015,5,0.8023715415019759,35.6390977443609,21.293233082706767,30.571428571428573,9.894805194805194,0.7,moderate,72255.85714285714,16,20,36,43.0,False,False,5057910.0,
2015,6,0.2797286821705425,31.98496240601504,11.16793893129771,22.942857142857143,9.623376623376624,0.9,light,72255.85714285714,16,20,36,43.0,False,False,5057910.0,
2015,7,0.0084108527131776,29.11278195488721,11.353383458646617,21.11428571428572,11.131168831168832,0.9,light,72255.85714285714,16,20,36,43.0,False,False,5057910.0,
2015,8,0.1740540540540536,21.0,4.037593984962406,14.771428571428572,9.672727272727272,0.9,light,72255.85714285714,16,20,36,43.0,False,False,5057910.0,
2015,9,0.3178378378378378,22.4812030075188,0.0526315789473684,12.914285714285716,8.05974025974026,0.9,light,72255.85714285714,16,20,36,43.0,False,False,5057910.0,
2015,10,0.1872156862745092,33.21969696969697,11.87878787878788,25.228571428571428,9.261842105263158,0.9,light,72255.85714285714,16,20,36,43.0,False,False,5057910.0,
2015,11,0.1943243243243239,57.31578947368421,32.1203007518797,46.2,6.635064935064935,0.9,light,72255.85714285714,16,20,36,43.0,False,False,5057910.0,
2015,12,0.0520930232558134,55.54887218045113,33.96992481203007,46.48571428571429,9.328571428571427,0.9,light,72255.85714285714,16,20,36,43.0,False,False,5057910.0,
2015,13,0.5970270270270264,43.62406015037594,26.902255639097746,36.02857142857143,10.823376623376625,0.7,moderate,72255.85714285714,16,20,36,43.0,False,False,5057910.0,
2015,14,0.4535135135135129,65.54135338345864,36.142857142857146,53.85714285714285,10.56233766233766,0.9,light,72255.85714285714,16,20,36,43.0,False,False,5057910.0,
2015,15,1.1067054263565888,65.9624060150376,43.01503759398496,55.57142857142857,11.148051948051949,0.7,moderate,72255.85714285714,16,20,36,43.0,False,False,5057910.0,
2015,16,0.4127027027027022,71.33082706766918,47.51127819548872,61.65714285714286,7.792207792207792,0.9,light,346828.1142857142,16,20,36,43.0,True,False,8092656.0,
2015,17,1.1432432432432431,57.39097744360903,36.2406015037594,48.68571428571428,12.041558441558442,0.7,moderate,346828.1142857142,16,20,36,43.0,True,False,8092656.0,
2015,18,0.0472972972972969,69.2406015037594,40.3609022556391,57.42857142857143,7.102597402597402,0.9,light,346828.1142857142,16,20,36,43.0,True,False,8092656.0,
2015,19,2.0513513513513515,77.86466165413533,58.18796992481203,68.37142857142857,8.483116883116883,0.4,heavy,346828.1142857142,16,20,36,43.0,True,False,8092656.0,
2015,20,1.1237837837837836,71.9172932330827,53.07518796992481,63.25714285714286,10.842857142857143,0.7,moderate,346828.1142857142,16,20,36,43.0,True,False,8092656.0,
2015,21,0.3235135135135134,70.17557251908397,48.3206106870229,60.51428571428571,8.91948051948052,0.9,light,115609.37142857144,16,20,36,43.0,False,False,8092656.0,
2015,22,1.907297297297297,77.09022556390977,58.71428571428572,68.94285714285714,10.702597402597403,0.4,heavy,115609.37142857144,16,20,36,43.0,False,False,8092656.0,
2015,23,0.4008108108108104,76.74436090225564,55.01503759398496,67.94285714285714,7.712987012987012,0.9,light,72255.85714285714,16,20,36,43.0,False,False,5057910.0,
2015,24,3.549189189189189,84.69924812030075,65.01503759398496,75.85714285714286,8.163636363636364,0.2,very_heavy,72255.85714285714,16,20,36,43.0,False,False,5057910.0,
2015,25,2.5472373540856026,80.12121212121212,64.28030303030303,72.85714285714286,7.526666666666666,0.4,heavy,72255.85714285714,16,20,36,43.0,False,False,5057910.0,
2015,26,2.0926459143968867,78.92481203007519,62.67669172932331,72.22857142857143,7.596052631578947,0.4,heavy,72255.85714285714,16,20,36,43.0,False,False,5057910.0,
2015,27,0.644324324324324,78.19548872180451,59.330827067669176,70.48571428571428,5.597402597402597,0.7,moderate,72255.85714285714,16,20,36,43.0,False,False,5057910.0,
2015,28,2.46,77.80451127819549,61.142857142857146,70.54285714285714,6.561038961038961,0.4,heavy,72255.85714285714,16,20,36,43.0,False,False,5057910.0,
2015,29,1.4480232558139536,85.93233082706767,67.74436090225564,79.34285714285714,7.8909090909090915,0.7,moderate,72255.85714285714,16,20,36,43.0,False,False,5057910.0,
2015,30,0.1667567567567566,83.81954887218045,63.89473684210526,75.51428571428572,4.522077922077922,0.9,light,72255.85714285714,16,20,36,43.0,False,False,5057910.0,
2015,31,0.5064864864864862,87.28571428571429,65.32330827067669,78.08571428571429,6.641558441558441,0.7,moderate,72255.85714285714,16,20,36,43.0,False,False,5057910.0,
2015,32,0.4181081081081079,82.53383458646617,62.65413533834587,74.45714285714286,5.327272727272727,0.9,light,72255.85714285714,16,20,36,43.0,False,False,5057910.0,
2015,33,0.5099999999999996,85.203007518797,64.01503759398496,76.08571428571429,4.515584415584415,0.7,moderate,72255.85714285714,16,20,36,43.0,False,False,5057910.0,
2015,34,1.5691891891891887,80.17293233082707,60.17293233082707,71.25714285714285,7.858441558441559,0.4,heavy,72255.85714285714,16,20,36,43.0,False,False,5057910.0,
2015,35,0.3821621621621622,75.81954887218045,55.64661654135338,67.17142857142858,5.455844155844156,0.9,light,144511.7142857143,16,20,36,43.0,False,False,10115820.0,
2015,36,0.34891472868217,89.57142857142857,67.41353383458646,79.91428571428571,5.1805194805194805,0.9,light,578046.8571428572,16,20,36,43.0,False,True,10115820.0,
2015,37,1.607015503875969,78.30075187969925,57.65413533834587,69.14285714285714,5.802597402597403,0.4,heavy,578046.8571428572,16,20,36,43.0,False,True,10115820.0,
2015,38,1.8735135135135133,80.33082706766918,56.1203007518797,70.22857142857143,8.514285714285714,0.4,heavy,578046.8571428572,16,20,36,43.0,False,True,10115820.0,
2015,39,0.0010810810810807,79.90977443609023,53.87218045112782,68.17142857142858,5.332467532467532,0.9,light,578046.8571428572,16,20,36,43.0,False,True,10115820.0,
2015,40,0.1091891891891884,67.93233082706767,50.18045112781955,58.97142857142857,10.971428571428572,0.9,light,578046.8571428572,16,20,36,43.0,False,True,10115820.0,
2015,41,0.0571984435797663,72.38345864661655,48.88721804511278,61.48571428571429,6.2727272727272725,0.9,light,578046.8571428572,16,20,36,43.0,False,True,10115820.0,
2015,42,0.0,66.25563909774436,39.45864661654135,54.02857142857143,8.128947368421052,1.0,dry,578046.8571428572,16,20,36,43.0,False,True,10115820.0,
2015,43,0.3924999999999995,71.44360902255639,47.93984962406015,61.0,10.28961038961039,0.9,light,578046.8571428572,16,20,36,43.0,False,True,10115820.0,
2015,44,1.4949612403100774,57.53383458646616,39.766917293233085,49.62857142857143,9.892207792207794,0.7,moderate,578046.8571428572,16,20,36,43.0,False,False,10115820.0,
2015,45,0.2875968992248058,64.66917293233082,42.278195488721806,54.02857142857143,7.811688311688312,0.9,light,289023.4285714286,16,20,36,43.0,False,False,5057910.0,
2015,46,0.3908108108108106,58.81954887218045,32.714285714285715,47.05714285714286,10.3,0.9,light,72255.85714285714,16,20,36,43.0,False,False,5057910.0,
2015,47,2.651081081081081,49.46616541353384,32.96992481203007,43.31428571428572,12.988311688311688,0.4,heavy,72255.85714285714,16,20,36,43.0,False,False,5057910.0,
2015,48,1.3156756756756751,48.31578947368421,32.54135338345865,40.91428571428571,11.105194805194806,0.7,moderate,72255.85714285714,16,20,36,43.0,False,False,5057910.0,
2015,49,0.5391085271317823,42.78195488721804,30.25563909774436,37.08571428571429,7.783116883116882,0.7,moderate,72255.85714285714,16,20,36,43.0,False,False,5057910.0,
2015,50,0.4172972972972972,54.96992481203007,40.10526315789474,48.34285714285714,10.24935064935065,0.9,light,72255.85714285714,16,20,36,43.0,False,False,5057910.0,
2015,51,0.987596899224806,45.48872180451128,30.360902255639097,38.48571428571429,12.985714285714286,0.7,moderate,72255.85714285714,16,20,36,43.0,False,False,5057910.0,
2015,52,2.568294573643411,49.51127819548872,35.96212121212121,42.4,12.146753246753246,0.4,heavy,72255.85714285714,16,20,36,43.0,False,False,5057910.0,
2015,53,3.2871621621621614,34.53333333333333,28.36842105263158,30.55,12.372727272727271,0.2,very_heavy,,16,20,36,43.0,False,False,,
2016,1,0.4778378378378374,37.13533834586466,22.59398496240601,29.428571428571427,9.994285714285716,0.9,light,72255.85714285714,14,21,36,43.0,False,False,5057910.0,
2016,2,0.0955038759689917,32.02255639097744,11.977443609022556,21.785714285714285,12.141428571428571,0.9,light,72255.85714285714,14,21,36,43.0,False,False,5057910.0,
2016,3,0.1116666666666662,23.93984962406015,8.864661654135338,17.071428571428573,7.589999999999999,0.9,light,72255.85714285714,14,21,36,43.0,False,False,5057910.0,
2016,4,0.0589189189189188,42.48872180451128,27.909774436090224,35.5,11.311428571428571,0.9,light,72255.85714285714,14,21,36,43.0,False,False,5057910.0,
2016,5,0.5486486486486482,42.9624060150376,26.887218045112785,34.0,9.622857142857145,0.7,moderate,72255.85714285714,14,21,36,43.0,False,False,5057910.0,
2016,6,0.0851351351351347,24.84210526315789,11.24812030075188,18.392857142857142,10.685714285714283,0.9,light,72255.85714285714,14,21,36,43.0,False,False,5057910.0,
2016,7,0.1437837837837835,45.78947368421053,28.25563909774436,38.25,9.967142857142855,0.9,light,72255.85714285714,14,21,36,43.0,False,False,5057910.0,
2016,8,0.3164980544747077,46.77443609022557,29.75187969924812,39.46428571428572,12.75,0.9,light,72255.85714285714,14,21,36,43.0,False,False,5057910.0,
2016,9,0.2075675675675672,45.86466165413534,25.68421052631579,35.92857142857143,10.028571428571428,0.9,light,72255.85714285714,14,21,36,43.0,False,False,5057910.0,
2016,10,0.7456756756756755,61.88721804511278,44.17293233082707,53.85714285714285,8.915714285714285,0.7,moderate,72255.85714285714,14,21,36,43.0,False,False,5057910.0,
2016,11,0.6932170542635654,56.69924812030075,39.38345864661654,47.785714285714285,9.784285714285714,0.7,moderate,72255.85714285714,14,21,36,43.0,False,False,5057910.0,
2016,12,0.8962162162162159,56.19548872180451,34.78947368421053,45.57142857142857,11.852857142857143,0.7,moderate,72255.85714285714,14,21,36,43.0,False,False,5057910.0,
2016,13,1.0367567567567566,59.46616541353384,35.609022556390975,48.67857142857143,12.424285714285714,0.7,moderate,72255.85714285714,14,21,36,43.0,False,False,5057910.0,
2016,14,0.7110810810810811,50.24812030075188,31.98496240601504,43.21428571428572,12.898571428571428,0.7,moderate,72255.85714285714,14,21,36,43.0,True,False,5057910.0,
2016,15,0.308378378378378,66.19548872180451,38.6015037593985,55.035714285714285,8.124285714285715,0.9,light,72255.85714285714,14,21,36,43.0,True,False,5057910.0,
2016,16,0.5948648648648642,72.28571428571429,47.54545454545455,61.142857142857146,7.398571428571429,0.7,moderate,346828.1142857142,14,21,36,43.0,True,False,8092656.0,
2016,17,1.4797297297297292,64.62121212121212,48.91666666666666,56.57142857142857,10.54,0.7,moderate,346828.1142857142,14,21,36,43.0,True,False,8092656.0,
2016,18,0.5029729729729726,68.072,44.69166666666667,58.32142857142857,8.468571428571428,0.7,moderate,346828.1142857142,14,21,36,43.0,True,False,8092656.0,
2016,19,2.1414007782101163,67.01587301587301,48.8780487804878,58.42857142857143,9.962857142857144,0.4,heavy,346828.1142857142,14,21,36,43.0,True,False,8092656.0,
2016,20,0.1337837837837837,69.53968253968254,46.23015873015873,59.642857142857146,6.567142857142857,0.9,light,346828.1142857142,14,21,36,43.0,True,False,8092656.0,
2016,21,0.8497297297297298,83.24193548387096,61.443548387096776,73.46428571428571,9.435714285714283,0.7,moderate,115609.37142857144,14,21,36,43.0,True,False,8092656.0,
2016,22,1.061124031007752,81.83969465648855,61.10687022900763,72.25,5.744285714285715,0.7,moderate,115609.37142857144,14,21,36,43.0,False,False,8092656.0,
2016,23,0.2219379844961237,83.58646616541354,60.25563909774437,74.25,8.015942028985508,0.9,light,72255.85714285714,14,21,36,43.0,False,False,5057910.0,
2016,24,1.1628682170542632,88.06766917293233,64.36842105263158,77.96428571428571,7.344285714285714,0.7,moderate,72255.85714285714,14,21,36,43.0,False,False,5057910.0,
2016,25,1.407567567567567,87.95488721804512,66.39097744360902,79.07142857142857,7.678571428571429,0.7,moderate,72255.85714285714,14,21,36,43.0,False,False,5057910.0,
2016,26,0.4357976653696498,78.69172932330827,57.278195488721806,70.03571428571429,5.88,0.9,light,72255.85714285714,14,21,36,43.0,False,False,5057910.0,
2016,27,1.6415953307392996,82.84962406015038,64.66165413533835,74.89285714285714,6.127142857142857,0.4,heavy,72255.85714285714,14,21,36,43.0,False,False,5057910.0,
2016,28,1.1859302325581396,84.9624060150376,65.48872180451127,75.89285714285714,7.898571428571429,0.7,moderate,72255.85714285714,14,21,36,43.0,False,False,5057910.0,
2016,29,2.5205533596837943,88.83464566929133,69.86614173228347,80.77272727272727,5.740625,0.4,heavy,72255.85714285714,14,21,36,43.0,False,False,5057910.0,
2016,30,0.8311111111111109,84.73809523809524,66.9047619047619,76.23809523809524,4.587301587301587,0.7,moderate,72255.85714285714,14,21,36,43.0,False,False,5057910.0,
2016,31,0.5263888888888889,85.15079365079364,66.14285714285714,76.0952380952381,4.519047619047619,0.7,moderate,72255.85714285714,14,21,36,43.0,False,False,5057910.0,
2016,32,1.5857370517928282,85.74603174603175,67.88095238095238,77.66666666666667,4.988888888888889,0.4,heavy,72255.85714285714,14,21,36,43.0,False,False,5057910.0,
2016,33,2.0866666666666664,82.21428571428571,65.6984126984127,74.61904761904762,6.287301587301588,0.4,heavy,72255.85714285714,14,21,36,43.0,False,False,5057910.0,
2016,34,1.9222222222222225,83.25396825396825,64.0,73.95238095238095,5.86031746031746,0.4,heavy,72255.85714285714,14,21,36,43.0,False,False,5057910.0,
2016,35,0.7535458167330674,81.31746031746032,60.80952380952381,71.28571428571429,6.126984126984127,0.7,moderate,144511.7142857143,14,21,36,43.0,False,False,10115820.0,
2016,36,1.9166396761133604,83.97520661157024,64.07438016528926,74.47619047619048,7.210344827586207,0.4,heavy,578046.8571428572,14,21,36,43.0,False,True,10115820.0,
2016,37,0.4308571428571424,81.34453781512605,59.63865546218487,70.95238095238095,6.085714285714286,0.9,light,578046.8571428572,14,21,36,43.0,False,True,10115820.0,
2016,38,0.4602857142857141,86.09243697478992,62.109243697479,74.9047619047619,5.8875,0.9,light,578046.8571428572,14,21,36,43.0,False,True,10115820.0,
2016,39,0.6196296296296295,70.04237288135593,53.61864406779661,61.57142857142857,8.491071428571429,0.7,moderate,578046.8571428572,14,21,36,43.0,False,True,10115820.0,
2016,40,0.7378688524590159,73.6470588235294,50.91525423728814,63.142857142857146,6.785714285714286,0.7,moderate,578046.8571428572,14,21,36,43.0,False,True,10115820.0,
2016,41,0.5579999999999998,71.36134453781513,47.26890756302521,60.523809523809526,8.95,0.7,moderate,578046.8571428572,14,21,36,43.0,False,True,10115820.0,
2016,42,0.4065714285714284,69.84873949579831,47.30252100840336,59.85714285714285,9.735714285714286,0.9,light,578046.8571428572,14,21,36,43.0,False,True,10115820.0,
2016,43,0.8528571428571425,63.87394957983193,44.27731092436975,56.23809523809524,9.344642857142857,0.7,moderate,578046.8571428572,14,21,36,43.0,False,True,10115820.0,
2016,44,0.7542213114754094,68.58474576271186,46.96610169491525,58.523809523809526,6.760714285714286,0.7,moderate,578046.8571428572,14,21,36,43.0,False,False,10115820.0,
2016,45,0.0982857142857142,59.72268907563025,35.260504201680675,48.523809523809526,7.491071428571429,0.9,light,289023.4285714286,14,21,36,43.0,False,False,5057910.0,
2016,46,0.1365714285714282,58.97478991596638,35.02521008403362,48.142857142857146,10.398214285714284,0.9,light,72255.85714285714,14,21,36,43.0,False,False,5057910.0,
2016,47,0.6114285714285714,44.6218487394958,31.81512605042017,39.142857142857146,9.001818181818182,0.7,moderate,72255.85714285714,14,21,36,43.0,False,False,5057910.0,
2016,48,1.183875,44.017857142857146,34.13513513513514,39.71428571428572,10.12857142857143,0.7,moderate,72255.85714285714,14,21,36,43.0,False,False,5057910.0,
2016,49,0.4344117647058819,31.651785714285715,23.196428571428573,28.38095238095238,9.907142857142857,0.9,light,72255.85714285714,14,21,36,43.0,False,False,5057910.0,
2016,50,0.3248717948717948,24.223214285714285,7.357142857142857,17.095238095238095,10.12142857142857,0.9,light,72255.85714285714,14,21,36,43.0,False,False,5057910.0,
2016,51,0.1370588235294117,34.9375,19.026785714285715,27.95238095238096,8.692592592592591,0.9,light,72255.85714285714,14,21,36,43.0,False,False,5057910.0,
2016,52,0.3928921568627447,43.53125,25.604166666666668,37.11111111111112,13.05,0.9,light,72255.85714285714,14,21,36,43.0,False,False,5057910.0,
2016,53,0.0,33.70175438596491,21.73684210526316,27.666666666666668,10.466666666666669,1.0,dry,,14,21,36,43.0,False,False,,
2017,1,0.2507692307692306,25.728571428571428,9.25,17.942857142857143,9.32077922077922,0.9,light,71041.36789083714,15,21,36,45.0,False,False,5057910.0,1.0
2017,2,0.4323076923076919,39.24285714285714,21.81428571428572,29.457142857142856,10.76883116883117,0.9,light,71361.33401972144,15,21,36,45.0,False,False,5057910.0,1.0
2017,3,1.402564102564102,47.24285714285714,35.128571428571426,40.34285714285714,8.135064935064936,0.7,moderate,77207.09783720144,15,21,36,45.0,False,False,5057910.0,1.0
2017,4,0.0805128205128205,37.77142857142857,29.285714285714285,33.6,11.251948051948052,0.9,light,78069.71226858845,15,21,36,45.0,False,False,5057910.0,1.0
2017,5,0.0125641025641019,37.79285714285714,19.97142857142857,29.942857142857143,10.162337662337665,0.9,light,75934.99047036366,15,21,36,45.0,False,False,5057910.0,1.0
2017,6,0.4163837638376381,46.72857142857143,24.442857142857143,36.114285714285714,11.287012987012988,0.9,light,81177.32692838142,15,21,36,45.0,False,False,5057910.0,1.0
2017,7,0.0046153846153842,56.70503597122302,30.2,43.85714285714285,8.167532467532467,0.9,light,75378.35247799337,15,21,36,45.0,False,False,5057910.0,1.0
2017,8,0.2720512820512816,58.392857142857146,36.65714285714286,48.08571428571429,10.910389610389611,0.9,light,76259.26470821173,15,21,36,45.0,False,False,5057910.0,1.0
2017,9,0.8266666666666667,52.726618705035975,31.01428571428572,42.74285714285714,11.842857142857143,0.7,moderate,78832.6579150338,15,21,36,45.0,False,False,5057910.0,1.0
2017,10,0.4382051282051281,50.48571428571429,31.9,41.457142857142856,11.945454545454544,0.9,light,73724.33640888208,15,21,36,45.0,False,False,5057910.0,1.0
2017,11,0.2973062730627304,42.726618705035975,23.26428571428572,34.2,9.688311688311687,0.9,light,72478.26173771391,15,21,36,45.0,False,False,5057910.0,0.7
2017,12,0.8425641025641022,59.50359712230216,38.7,49.31428571428572,11.288311688311689,0.7,moderate,72078.63871195835,15,21,36,45.0,False,False,5057910.0,1.0
2017,13,1.7115384615384617,55.364285714285714,40.57142857142857,47.71428571428572,9.066233766233768,0.4,heavy,63735.93315369291,15,21,36,45.0,False,False,5057910.0,0.7
2017,14,1.4471794871794867,60.40714285714286,42.207142857142856,52.114285714285714,12.568831168831167,0.7,moderate,65430.13655472463,15,21,36,45.0,False,False,5057910.0,1.0
2017,15,1.251764705882353,72.27857142857142,48.33571428571429,62.25714285714286,9.972727272727273,0.7,moderate,77046.41927286674,15,21,36,45.0,True,False,5057910.0,1.0
2017,16,0.1979487179487174,69.99285714285715,45.97142857142857,59.114285714285714,9.510389610389607,0.9,light,338453.2640599773,15,21,36,45.0,True,False,8092656.0,1.0
2017,17,3.5392307692307696,65.95,45.52142857142857,55.02857142857143,11.222077922077922,0.2,very_heavy,364626.4679144091,15,21,36,45.0,True,False,8092656.0,1.0
2017,18,1.4117948717948718,59.72857142857143,41.57142857142857,52.17142857142857,11.127272727272729,0.7,moderate,403768.50246511924,15,21,36,45.0,True,False,8092656.0,1.0
2017,19,1.1546153846153844,74.24285714285715,49.73571428571429,63.85714285714285,7.362337662337662,0.7,moderate,407041.6642775773,15,21,36,45.0,True,False,8092656.0,1.0
2017,20,1.7038461538461538,77.40714285714286,56.16428571428571,67.0,12.92207792207792,0.4,heavy,356611.3409280624,15,21,36,45.0,True,False,8092656.0,1.0
2017,21,0.8992307692307688,71.71428571428571,53.21428571428572,62.22857142857143,7.336363636363636,0.7,moderate,121163.65079733884,15,21,36,45.0,True,False,8092656.0,1.0
2017,22,0.1111764705882348,82.28985507246377,55.89855072463768,70.4,6.1688311688311686,0.9,light,115982.90189806283,15,21,36,45.0,False,False,8092656.0,1.0
2017,23,0.0471794871794869,84.49285714285715,58.32374100719424,73.65714285714286,9.636363636363637,0.9,light,74506.88693958902,15,21,36,45.0,False,False,5057910.0,1.0
2017,24,1.4812820512820513,88.96428571428571,67.95,79.25714285714285,8.75974025974026,0.7,moderate,59657.528440565104,15,21,36,45.0,False,False,5057910.0,1.0
2017,25,0.6520512820512817,81.60714285714286,60.121428571428574,72.0,8.376623376623376,0.7,moderate,64701.3227921973,15,21,36,45.0,False,False,5057910.0,1.0
2017,26,0.840772058823529,81.22857142857143,58.58992805755396,70.57142857142857,7.658441558441559,0.7,moderate,74350.32732675779,15,21,36,45.0,False,False,5057910.0,1.0
2017,27,0.2599999999999997,86.99285714285715,64.90714285714286,77.42857142857143,5.685714285714286,0.9,light,62754.189378931325,15,21,36,45.0,False,False,5057910.0,1.0
2017,28,1.47,84.97857142857143,65.7,77.14285714285714,6.979220779220779,0.7,moderate,68782.65618273302,15,21,36,45.0,False,False,5057910.0,1.0
2017,29,2.521794871794872,89.63571428571429,67.60714285714286,79.94285714285714,5.712987012987012,0.4,heavy,86998.91572941486,15,21,36,45.0,False,False,5057910.0,1.0
2017,30,0.9512820512820512,82.8695652173913,62.35714285714285,73.8,6.585714285714286,0.7,moderate,72465.18999945141,15,21,36,45.0,False,False,5057910.0,1.0
2017,31,0.3458974358974358,80.97857142857143,59.68571428571428,71.42857142857143,5.224675324675325,0.9,light,64341.35851919551,15,21,36,45.0,False,False,5057910.0,1.0
2017,32,0.231282051282051,80.44285714285714,56.56428571428572,69.88571428571429,4.931168831168831,0.9,light,68628.55393616145,15,21,36,45.0,False,False,5057910.0,1.0
2017,33,0.4323076923076919,84.5,63.02857142857143,74.34285714285714,5.932467532467532,0.9,light,66412.20264939839,15,21,36,45.0,False,False,5057910.0,1.0
2017,34,0.6428205128205126,79.2,57.47142857142857,68.88571428571429,6.04025974025974,0.7,moderate,55894.44183279777,15,21,36,45.0,False,False,5057910.0,1.0
2017,35,0.5666666666666663,77.8,54.52142857142857,66.48571428571428,5.709090909090909,0.7,moderate,148832.8159549345,15,21,36,45.0,False,False,10115820.0,1.0
2017,36,0.0248888888888885,75.75912408759125,50.07299270072993,63.457142857142856,6.897333333333333,0.9,light,527952.274067362,15,21,36,45.0,False,True,10115820.0,1.0
2017,37,0.0755263157894735,81.45864661654136,55.27067669172932,69.0,5.314285714285714,0.9,light,623904.4367767146,15,21,36,45.0,False,True,10115820.0,0.7
2017,38,0.5218421052631577,88.9624060150376,64.33834586466165,76.68571428571428,5.182857142857143,0.7,moderate,680792.899920535,15,21,36,45.0,False,True,10115820.0,1.0
2017,39,0.0042105263157888,79.3984962406015,52.3984962406015,65.97142857142858,6.251428571428572,0.9,light,584753.7627320511,15,21,36,45.0,False,True,10115820.0,1.0
2017,40,1.0942105263157895,77.61654135338345,59.03007518796993,68.68571428571428,8.478571428571428,0.7,moderate,670170.1771983576,15,21,36,45.0,False,True,10115820.0,1.0
2017,41,4.097105263157895,71.13533834586467,53.0,61.71428571428572,8.471428571428572,0.2,very_heavy,678399.6227978329,15,21,36,45.0,False,True,10115820.0,1.0
2017,42,0.2760526315789473,72.33082706766918,46.71428571428572,59.8,8.555714285714286,0.9,light,640361.6008138307,15,21,36,45.0,False,True,10115820.0,1.0
2017,43,1.11577358490566,53.278195488721806,36.93233082706767,45.02857142857143,9.998571428571427,0.7,moderate,521019.1005177994,15,21,36,45.0,False,True,10115820.0,1.0
2017,44,0.4697368421052629,52.5187969924812,38.04511278195488,45.57142857142857,9.084285714285716,0.9,light,429221.4659027167,15,21,36,45.0,False,True,10115820.0,1.0
2017,45,0.2903018867924525,45.01503759398496,28.37593984962406,36.25714285714286,7.814285714285714,0.9,light,305430.55652820255,15,21,36,45.0,False,True,5057910.0,1.0
2017,46,1.2586842105263152,47.95488721804512,30.56390977443609,39.885714285714286,10.335714285714284,0.7,moderate,64601.480974971775,15,21,36,45.0,False,False,5057910.0,1.0
2017,47,0.0073684210526311,51.721804511278194,27.113636363636363,40.48571428571429,9.617142857142856,0.9,light,65943.18606763965,15,21,36,45.0,False,False,5057910.0,1.0
2017,48,0.0199619771863113,57.38461538461539,30.589147286821703,44.94285714285714,7.227142857142857,0.9,light,78535.87145539293,15,21,36,45.0,False,False,5057910.0,1.0
2017,49,0.1687109375,41.983870967741936,23.298387096774192,34.02857142857143,13.048529411764704,0.9,light,66389.61319056769,15,21,36,45.0,False,False,5057910.0,1.0
2017,50,0.0316666666666665,41.54761904761905,22.96031746031746,32.77142857142857,10.46142857142857,0.9,light,58500.973209772084,15,21,36,45.0,False,False,5057910.0,0.7
2017,51,0.2155555555555549,41.73809523809524,28.15079365079365,35.31428571428572,8.545714285714286,0.9,light,77024.32420158506,15,21,36,45.0,False,False,5057910.0,0.7
2017,52,0.2148109965635732,17.78082191780822,2.664383561643836,10.175,7.701234567901234,0.9,light,78770.00181365025,15,21,36,45.0,False,False,5057910.0,1.0
2018,1,0.5698518518518518,16.961783439490446,-2.656050955414013,8.5,8.832183908045977,0.7,moderate,72255.85714285714,16,19,36,44.0,False,False,5057910.0,
2018,2,0.3355882352941174,36.0,18.20289855072464,27.51428571428572,11.712987012987012,0.9,light,72255.85714285714,16,19,36,44.0,False,False,5057910.0,
2018,3,0.1379324894514763,32.41726618705036,14.028571428571428,24.34285714285714,11.125974025974026,0.9,light,72255.85714285714,16,19,36,44.0,False,False,5057910.0,
2018,4,0.7520588235294113,46.885714285714286,28.957142857142856,38.94285714285714,10.974025974025974,0.7,moderate,72255.85714285714,16,19,36,44.0,False,False,5057910.0,
2018,5,0.0376444444444439,35.768115942028984,14.693430656934307,26.34285714285714,11.672727272727272,0.9,light,72255.85714285714,16,19,36,44.0,False,False,5057910.0,
2018,6,0.7214155251141552,25.05,7.485714285714286,16.457142857142856,8.144155844155845,0.7,moderate,72255.85714285714,16,19,36,44.0,False,False,5057910.0,
2018,7,0.1393665158371038,40.51428571428571,18.17985611510792,29.51428571428572,8.849350649350649,0.9,light,72255.85714285714,16,19,36,44.0,False,False,5057910.0,
2018,8,3.4651555555555555,48.71428571428572,32.18571428571428,39.2,12.148051948051949,0.2,very_heavy,72255.85714285714,16,19,36,44.0,False,False,5057910.0,
2018,9,0.4581276595744681,54.392857142857146,32.25714285714286,43.885714285714286,9.36103896103896,0.9,light,72255.85714285714,16,19,36,44.0,False,False,5057910.0,
2018,10,0.4483544303797468,41.535714285714285,25.914285714285715,33.77142857142857,10.27922077922078,0.9,light,72255.85714285714,16,19,36,44.0,False,False,5057910.0,
2018,11,0.2791176470588232,47.96402877697842,25.58992805755396,37.51428571428571,9.207792207792208,0.9,light,72255.85714285714,16,19,36,44.0,False,False,5057910.0,
2018,12,0.6920588235294117,46.94285714285714,28.035714285714285,37.94285714285714,11.96883116883117,0.7,moderate,72255.85714285714,16,19,36,44.0,False,False,5057910.0,
2018,13,1.1235294117647054,50.08571428571429,32.52142857142857,41.22857142857143,9.263636363636364,0.7,moderate,72255.85714285714,16,19,36,44.0,False,False,5057910.0,
2018,14,0.463601694915254,43.17142857142857,22.6,32.77142857142857,9.971428571428572,0.9,light,72255.85714285714,16,19,36,44.0,False,False,5057910.0,
2018,15,1.1005882352941174,56.47142857142857,37.614285714285714,47.48571428571429,11.75921052631579,0.7,moderate,72255.85714285714,16,19,36,44.0,False,False,5057910.0,
2018,16,0.1832352941176464,53.60714285714285,32.357142857142854,42.97142857142857,10.68051948051948,0.9,light,346828.1142857142,16,19,36,44.0,True,False,8092656.0,
2018,17,0.096286919831223,66.15,39.121428571428574,55.34285714285714,8.645454545454546,0.9,light,346828.1142857142,16,19,36,44.0,True,False,8092656.0,
2018,18,0.9570588235294114,79.40287769784173,53.23571428571429,68.85714285714286,11.107792207792206,0.7,moderate,346828.1142857142,16,19,36,44.0,True,False,8092656.0,
2018,19,0.7435294117647053,78.04285714285714,52.99285714285714,66.51428571428572,8.853246753246754,0.7,moderate,346828.1142857142,16,19,36,44.0,True,False,8092656.0,
2018,20,0.8382352941176466,79.9,57.80714285714286,69.37142857142857,7.394805194805195,0.7,moderate,346828.1142857142,16,19,36,44.0,False,False,8092656.0,
2018,21,0.9274261603375524,84.5072463768116,60.731884057971016,73.2,5.14025974025974,0.7,moderate,115609.37142857144,16,19,36,44.0,False,False,8092656.0,
2018,22,1.1823529411764706,86.84285714285714,64.6,77.05714285714286,7.131168831168831,0.7,moderate,115609.37142857144,16,19,36,44.0,False,False,8092656.0,
2018,23,1.5779411764705882,83.62857142857143,60.09285714285714,73.57142857142857,6.9,0.4,heavy,72255.85714285714,16,19,36,44.0,False,False,5057910.0,
2018,24,1.2407725321888408,84.92142857142858,65.81428571428572,76.45714285714286,6.963636363636364,0.7,moderate,72255.85714285714,16,19,36,44.0,False,False,5057910.0,
2018,25,3.00008583690987,82.0,66.28571428571429,74.11428571428571,6.572727272727273,0.2,very_heavy,72255.85714285714,16,19,36,44.0,False,False,5057910.0,
2018,26,0.822941176470588,86.25714285714285,67.82857142857142,77.62857142857143,8.074025974025975,0.7,moderate,72255.85714285714,16,19,36,44.0,False,False,5057910.0,
2018,27,0.9038235294117644,86.57857142857142,64.55395683453237,76.74285714285715,5.606493506493506,0.7,moderate,72255.85714285714,16,19,36,44.0,False,False,5057910.0,
2018,28,0.8577215189873415,88.22142857142858,66.19285714285714,78.85714285714286,5.364935064935065,0.7,moderate,72255.85714285714,16,19,36,44.0,False,False,5057910.0,
2018,29,0.6943881856540083,83.00714285714285,64.83571428571429,74.51428571428572,7.91038961038961,0.7,moderate,72255.85714285714,16,19,36,44.0,False,False,5057910.0,
2018,30,0.2755882352941172,81.3,60.02142857142857,71.8,5.072727272727273,0.9,light,72255.85714285714,16,19,36,44.0,False,False,5057910.0,
2018,31,0.5167647058823529,84.07857142857142,62.52857142857143,74.28571428571429,5.603896103896104,0.7,moderate,72255.85714285714,16,19,36,44.0,False,False,5057910.0,
2018,32,0.9005882352941172,85.93571428571428,65.45,76.4,4.661038961038961,0.7,moderate,72255.85714285714,16,19,36,44.0,False,False,5057910.0,
2018,33,1.1025,84.56428571428572,65.73571428571428,75.51428571428572,4.311688311688312,0.7,moderate,72255.85714285714,16,19,36,44.0,False,False,5057910.0,
2018,34,1.4,80.81428571428572,62.32857142857143,72.25714285714285,8.03116883116883,0.7,moderate,72255.85714285714,16,19,36,44.0,False,False,5057910.0,
2018,35,2.206571428571429,85.57857142857142,66.62589928057554,76.48571428571428,8.422077922077921,0.4,heavy,144511.7142857143,16,19,36,44.0,False,False,10115820.0,
2018,36,2.9653497942386826,80.61151079136691,65.31159420289855,72.85714285714286,8.971052631578948,0.4,heavy,578046.8571428572,16,19,36,44.0,False,True,10115820.0,
2018,37,0.0,83.83458646616542,57.43609022556391,70.57142857142857,3.798571428571428,1.0,dry,578046.8571428572,16,19,36,44.0,False,True,10115820.0,
2018,38,0.2651694915254231,84.32330827067669,59.87218045112782,71.2,6.828571428571428,0.9,light,578046.8571428572,16,19,36,44.0,False,True,10115820.0,
2018,39,0.6714705882352937,71.81954887218045,49.57575757575758,59.97142857142857,6.655714285714286,0.7,moderate,578046.8571428572,16,19,36,44.0,False,True,10115820.0,
2018,40,2.0414705882352937,78.06015037593986,57.1578947368421,65.37142857142857,8.918571428571427,0.4,heavy,578046.8571428572,16,19,36,44.0,False,True,10115820.0,
2018,41,0.901470588235294,64.55639097744361,47.067669172932334,55.68571428571428,9.201428571428572,0.7,moderate,578046.8571428572,16,19,36,44.0,False,True,10115820.0,
2018,42,0.1863713080168772,55.56390977443609,31.57894736842105,44.68571428571428,8.685714285714285,0.9,light,578046.8571428572,16,19,36,44.0,False,True,10115820.0,
2018,43,0.2915189873417717,57.61654135338346,36.13533834586466,47.51428571428571,7.104285714285714,0.9,light,578046.8571428572,16,19,36,44.0,False,True,10115820.0,
2018,44,1.1671610169491524,57.59848484848485,39.80303030303031,49.285714285714285,8.528571428571428,0.7,moderate,578046.8571428572,16,19,36,44.0,False,True,10115820.0,
2018,45,0.6733760683760683,42.93984962406015,29.345864661654137,35.94285714285714,9.762857142857143,0.7,moderate,289023.4285714286,16,19,36,44.0,False,False,5057910.0,
2018,46,0.2678260869565217,35.54887218045113,22.7218045112782,29.542857142857144,7.845714285714286,0.9,light,72255.85714285714,16,19,36,44.0,False,False,5057910.0,
2018,47,0.5303030303030299,45.59398496240601,29.661654135338345,37.57142857142857,9.868571428571428,0.7,moderate,72255.85714285714,16,19,36,44.0,False,False,5057910.0,
2018,48,1.626200873362445,38.62015503875969,24.023076923076925,30.2,10.814285714285717,0.4,heavy,72255.85714285714,16,19,36,44.0,False,False,5057910.0,
2018,49,0.1145739910313901,33.136,20.32,26.88571428571429,7.255714285714285,0.9,light,72255.85714285714,16,19,36,44.0,False,False,5057910.0,
2018,50,0.4821874999999995,42.84920634920635,24.936507936507937,33.285714285714285,7.732857142857142,0.9,light,72255.85714285714,16,19,36,44.0,False,False,5057910.0,
2018,51,0.1081249999999995,44.568,28.515873015873016,36.25714285714286,8.610000000000001,0.9,light,72255.85714285714,16,19,36,44.0,False,False,5057910.0,
2018,52,0.6746874999999994,43.36507936507937,25.761904761904763,33.77142857142857,9.437142857142858,0.7,moderate,72255.85714285714,16,19,36,44.0,False,False,5057910.0,
2019,1,0.7345483870967738,41.19018404907976,27.55828220858896,33.73684210526316,9.569047619047618,0.7,moderate,72255.85714285714,17,25,38,48.0,False,False,5057910.0,
2019,2,0.8261048689138575,37.3469387755102,24.040816326530614,32.08571428571429,11.61948051948052,0.7,moderate,72255.85714285714,17,25,38,48.0,False,False,5057910.0,
2019,3,0.3847388059701487,30.31972789115646,19.727891156462587,25.685714285714287,9.275324675324676,0.9,light,72255.85714285714,17,25,38,48.0,False,False,5057910.0,
2019,4,0.8464814814814813,24.445205479452056,2.568493150684932,13.571428571428571,10.337662337662335,0.7,moderate,72255.85714285714,17,25,38,48.0,False,False,5057910.0,
2019,5,0.2812820512820507,24.598639455782312,2.802721088435374,13.714285714285714,11.04025974025974,0.9,light,72255.85714285714,17,25,38,48.0,False,False,5057910.0,
2019,6,1.0740072202166062,35.04794520547945,18.84931506849315,26.257142857142856,10.287012987012988,0.7,moderate,72255.85714285714,17,25,38,48.0,False,False,5057910.0,
2019,7,0.7459139784946234,34.6530612244898,18.918367346938776,26.62857142857143,12.154545454545454,0.7,moderate,72255.85714285714,17,25,38,48.0,False,False,5057910.0,
2019,8,0.8439999999999994,38.13605442176871,22.08843537414966,29.97142857142857,11.467532467532468,0.7,moderate,72255.85714285714,17,25,38,48.0,False,False,5057910.0,
2019,9,0.0191366906474814,31.877551020408163,16.210884353741495,23.62857142857143,9.166233766233766,0.9,light,72255.85714285714,17,25,38,48.0,False,False,5057910.0,
2019,10,1.0671223021582732,31.84246575342466,16.041095890410958,23.88571428571429,11.61038961038961,0.7,moderate,72255.85714285714,17,25,38,48.0,False,False,5057910.0,
2019,11,0.8427499999999997,50.36054421768708,31.285714285714285,41.0,11.6012987012987,0.7,moderate,72255.85714285714,17,25,38,48.0,False,False,5057910.0,
2019,12,0.271971326164874,51.417808219178085,30.73972602739726,42.51428571428571,7.576623376623377,0.9,light,72255.85714285714,17,25,38,48.0,False,False,5057910.0,
2019,13,1.3945,54.23809523809524,32.8843537414966,45.0,10.096103896103896,0.7,moderate,72255.85714285714,17,25,38,48.0,False,False,5057910.0,
2019,14,0.3454999999999996,57.84353741496599,37.68027210884354,48.85714285714285,8.467532467532468,0.9,light,72255.85714285714,17,25,38,48.0,False,False,5057910.0,
2019,15,1.06875,61.6551724137931,40.41379310344828,50.68571428571428,12.550666666666666,0.7,moderate,72255.85714285714,17,25,38,48.0,False,False,5057910.0,
2019,16,0.8757499999999996,65.63698630136986,40.6986301369863,54.97142857142857,11.63157894736842,0.7,moderate,346828.1142857142,17,25,38,48.0,False,False,8092656.0,
2019,17,0.8941935483870962,64.52380952380952,43.925170068027214,54.885714285714286,9.603896103896105,0.7,moderate,346828.1142857142,17,25,38,48.0,True,False,8092656.0,
2019,18,3.2505000000000006,62.10204081632653,45.48979591836735,54.22857142857143,7.953246753246753,0.2,very_heavy,346828.1142857142,17,25,38,48.0,True,False,8092656.0,
2019,19,1.333749999999999,64.55102040816327,46.3469387755102,55.371428571428574,9.328571428571427,0.7,moderate,346828.1142857142,17,25,38,48.0,True,False,8092656.0,
2019,20,1.12175,74.14383561643835,50.93197278911565,64.02857142857142,8.592207792207793,0.7,moderate,346828.1142857142,17,25,38,48.0,True,False,8092656.0,
2019,21,2.41325,74.48979591836735,55.72108843537415,65.08571428571429,10.263636363636364,0.4,heavy,115609.37142857144,17,25,38,48.0,True,False,8092656.0,
2019,22,2.0935,79.31292517006803,59.17006802721088,69.91428571428571,7.681818181818182,0.4,heavy,115609.37142857144,17,25,38,48.0,True,False,8092656.0,
2019,23,0.6119999999999998,82.49659863945578,60.91836734693877,73.08571428571429,8.225974025974025,0.7,moderate,72255.85714285714,17,25,38,48.0,True,False,5057910.0,
2019,24,1.5822499999999995,76.02721088435374,55.40136054421769,66.85714285714286,9.475324675324677,0.4,heavy,72255.85714285714,17,25,38,48.0,True,False,5057910.0,
2019,25,1.8365,76.79591836734694,60.55102040816327,69.22857142857143,6.998701298701298,0.4,heavy,72255.85714285714,17,25,38,48.0,True,False,5057910.0,
2019,26,0.7754999999999994,87.30555555555556,65.84027777777777,77.22857142857143,7.04025974025974,0.7,moderate,72255.85714285714,17,25,38,48.0,False,False,5057910.0,
2019,27,1.4183154121863797,89.0204081632653,69.7687074829932,79.48571428571428,6.131578947368421,0.7,moderate,72255.85714285714,17,25,38,48.0,False,False,5057910.0,
2019,28,0.2454999999999995,88.3061224489796,65.8639455782313,78.88571428571429,5.679220779220779,0.9,light,72255.85714285714,17,25,38,48.0,False,False,5057910.0,
2019,29,1.0336330935251798,89.5,72.12413793103448,80.87878787878788,8.005333333333333,0.7,moderate,72255.85714285714,17,25,38,48.0,False,False,5057910.0,
2019,30,0.2425641025641021,84.00714285714285,61.71428571428572,74.85714285714286,6.775714285714286,0.9,light,72255.85714285714,17,25,38,48.0,False,False,5057910.0,
2019,31,0.2051282051282051,83.90714285714286,60.67142857142857,73.82142857142857,4.825714285714286,0.9,light,72255.85714285714,17,25,38,48.0,False,False,5057910.0,
2019,32,0.595384615384615,85.29285714285714,62.35714285714285,75.17857142857143,4.648571428571429,0.7,moderate,72255.85714285714,17,25,38,48.0,False,False,5057910.0,
2019,33,1.122307692307692,82.79285714285714,65.55714285714286,74.5,5.707142857142857,0.7,moderate,72255.85714285714,17,25,38,48.0,False,False,5057910.0,
2019,34,0.9269852941176472,80.83571428571429,61.75,71.82142857142857,5.868571428571428,0.7,moderate,72255.85714285714,17,25,38,48.0,False,False,5057910.0,
2019,35,1.2273684210526312,78.01428571428572,59.41428571428571,68.92857142857143,6.665714285714286,0.7,moderate,144511.7142857143,17,25,38,48.0,False,False,10115820.0,
2019,36,0.6971052631578945,78.27338129496403,57.65467625899281,68.85714285714286,5.622857142857143,0.7,moderate,578046.8571428572,17,25,38,48.0,False,False,10115820.0,
2019,37,2.0900000000000003,83.57142857142857,63.067669172932334,74.35714285714286,7.26031746031746,0.4,heavy,578046.8571428572,17,25,38,48.0,False,False,10115820.0,
2019,38,1.2605263157894735,83.21052631578948,64.0,74.64285714285714,6.650793650793651,0.7,moderate,578046.8571428572,17,25,38,48.0,False,True,10115820.0,
2019,39,3.4642105263157887,77.12781954887218,56.93233082706767,67.67857142857143,7.703174603174603,0.2,very_heavy,578046.8571428572,17,25,38,48.0,False,True,10115820.0,
2019,40,1.2629729729729728,75.00787401574803,55.44881889763779,65.78571428571429,8.387301587301588,0.7,moderate,578046.8571428572,17,25,38,48.0,False,True,10115820.0,
2019,41,0.6943243243243238,66.73809523809524,41.47619047619048,54.32142857142857,7.792063492063492,0.7,moderate,578046.8571428572,17,25,38,48.0,False,True,10115820.0,
2019,42,0.007027027027027,61.48412698412698,38.42857142857143,50.85714285714285,7.04920634920635,0.9,light,578046.8571428572,17,25,38,48.0,False,True,10115820.0,
2019,43,2.109805447470817,57.29365079365079,39.833333333333336,48.67857142857143,10.504761904761905,0.4,heavy,578046.8571428572,17,25,38,48.0,False,True,10115820.0,
2019,44,1.2787022900763354,45.542635658914726,29.86046511627907,37.57142857142857,9.0984126984127,0.7,moderate,578046.8571428572,17,25,38,48.0,False,True,10115820.0,
2019,45,0.030526315789473,46.29323308270677,27.25563909774436,38.07142857142857,8.541269841269841,0.9,light,289023.4285714286,17,25,38,48.0,False,True,5057910.0,
2019,46,0.2285606060606057,35.2406015037594,15.894736842105264,26.321428571428573,7.86984126984127,0.9,light,72255.85714285714,17,25,38,48.0,False,True,5057910.0,
2019,47,0.5631578947368416,46.0,30.849624060150376,39.392857142857146,8.12063492063492,0.7,moderate,72255.85714285714,17,25,38,48.0,False,True,5057910.0,
2019,48,1.1486842105263153,47.59398496240601,32.59398496240601,40.21428571428572,11.292063492063493,0.7,moderate,72255.85714285714,17,25,38,48.0,False,True,5057910.0,
2019,49,0.0599999999999995,44.06060606060606,26.35338345864661,36.32142857142857,9.206349206349206,0.9,light,72255.85714285714,17,25,38,48.0,False,False,5057910.0,
2019,50,0.143962264150943,37.82706766917293,20.35338345864661,30.928571428571427,8.987301587301587,0.9,light,72255.85714285714,17,25,38,48.0,False,False,5057910.0,
2019,51,0.1392045454545452,35.65413533834587,18.33834586466165,28.5,8.146031746031747,0.9,light,72255.85714285714,17,25,38,48.0,False,False,5057910.0,
2019,52,1.0131578947368418,54.95488721804512,33.07518796992481,45.71428571428572,8.81904761904762,0.7,moderate,72255.85714285714,17,25,38,48.0,False,False,5057910.0,
2020,1,0.098,42.76190476190476,27.457142857142856,35.64,9.838181818181818,0.9,light,72255.85714285714,16,22,37,45.0,False,False,5057910.0,
2020,2,2.0242105263157897,43.42465753424658,25.86394557823129,34.05714285714286,10.323376623376625,0.4,heavy,72255.85714285714,16,22,37,45.0,False,False,5057910.0,
2020,3,0.8429277566539921,34.61904761904762,18.231292517006803,26.257142857142856,11.7,0.7,moderate,72255.85714285714,16,22,37,45.0,False,False,5057910.0,
2020,4,0.5533962264150942,31.578231292517007,21.598639455782312,26.285714285714285,8.401298701298701,0.7,moderate,72255.85714285714,16,22,37,45.0,False,False,5057910.0,
2020,5,0.0768421052631575,36.25170068027211,28.666666666666668,32.05714285714286,5.967532467532467,0.9,light,72255.85714285714,16,22,37,45.0,False,False,5057910.0,
2020,6,0.3128787878787879,38.965986394557824,25.14965986394558,31.37142857142857,10.018181818181818,0.9,light,72255.85714285714,16,22,37,45.0,False,False,5057910.0,
2020,7,0.4884210526315785,32.89115646258504,13.496598639455785,23.228571428571428,7.785714285714286,0.9,light,72255.85714285714,16,22,37,45.0,False,False,5057910.0,
2020,8,0.2397368421052625,39.97278911564626,20.7687074829932,30.8,9.902597402597404,0.9,light,72255.85714285714,16,22,37,45.0,False,False,5057910.0,
2020,9,0.3824521072796935,40.87755102040816,25.170068027210885,33.51428571428571,10.963636363636365,0.9,light,72255.85714285714,16,22,37,45.0,False,False,5057910.0,
2020,10,0.1397368421052625,53.47619047619048,29.82191780821918,42.54285714285714,11.335064935064937,0.9,light,72255.85714285714,16,22,37,45.0,False,False,5057910.0,
2020,11,1.1821052631578948,50.034013605442176,35.74149659863946,42.65714285714286,10.107792207792206,0.7,moderate,72255.85714285714,16,22,37,45.0,False,False,5057910.0,
2020,12,1.0278947368421054,47.48979591836735,33.3469387755102,40.51428571428571,8.806493506493506,0.7,moderate,72255.85714285714,16,22,37,45.0,False,False,5057910.0,
2020,13,1.0385984848484846,54.539568345323744,38.539568345323744,46.371428571428574,9.95974025974026,0.7,moderate,72255.85714285714,16,22,37,45.0,False,False,5057910.0,
2020,14,0.0644528301886791,57.88194444444444,35.986111111111114,47.74285714285714,7.677631578947368,0.9,light,72255.85714285714,16,22,37,45.0,False,False,5057910.0,
2020,15,0.4821052631578946,65.55102040816327,40.54109589041096,53.94285714285714,10.3,0.9,light,72255.85714285714,16,22,37,45.0,False,False,5057910.0,
2020,16,0.5621132075471696,49.66666666666666,29.60958904109589,40.142857142857146,10.425974025974025,0.7,moderate,346828.1142857142,16,22,37,45.0,True,False,8092656.0,
2020,17,1.524473684210526,62.006802721088434,39.50340136054422,52.22857142857143,9.387012987012987,0.4,heavy,346828.1142857142,16,22,37,45.0,True,False,8092656.0,
2020,18,1.906842105263158,69.12925170068027,46.10204081632653,59.68571428571428,9.977922077922075,0.4,heavy,346828.1142857142,16,22,37,45.0,True,False,8092656.0,
2020,19,0.562631578947368,59.142857142857146,38.61904761904762,50.54285714285714,9.981818181818182,0.7,moderate,346828.1142857142,16,22,37,45.0,True,False,8092656.0,
2020,20,2.9118421052631573,66.92517006802721,47.42176870748299,57.8,8.571428571428571,0.4,heavy,346828.1142857142,16,22,37,45.0,True,False,8092656.0,
2020,21,1.1771052631578949,70.41780821917808,55.89795918367347,63.114285714285714,8.489610389610391,0.7,moderate,115609.37142857144,16,22,37,45.0,True,False,8092656.0,
2020,22,0.9065789473684208,79.80952380952381,59.70068027210884,69.85714285714286,7.624675324675325,0.7,moderate,115609.37142857144,16,22,37,45.0,True,False,8092656.0,
2020,23,0.6146792452830183,85.95238095238095,62.53061224489796,75.42857142857143,7.825974025974026,0.7,moderate,72255.85714285714,16,22,37,45.0,False,False,5057910.0,
2020,24,0.6692105263157888,82.83673469387755,59.7891156462585,72.37142857142857,10.393506493506491,0.7,moderate,72255.85714285714,16,22,37,45.0,False,False,5057910.0,
2020,25,0.3342105263157892,85.14965986394557,59.95238095238095,73.68571428571428,5.074025974025973,0.9,light,72255.85714285714,16,22,37,45.0,False,False,5057910.0,
2020,26,1.7155263157894736,83.88356164383562,63.14383561643836,74.08571428571429,6.64,0.4,heavy,72255.85714285714,16,22,37,45.0,False,False,5057910.0,
2020,27,0.6336981132075468,87.9448275862069,68.57142857142857,78.91428571428571,5.220779220779221,0.7,moderate,72255.85714285714,16,22,37,45.0,False,False,5057910.0,
2020,28,1.3523684210526314,89.81632653061224,67.98630136986301,80.05714285714286,5.325675675675676,0.7,moderate,72255.85714285714,16,22,37,45.0,False,False,5057910.0,
2020,29,1.4486037735849058,85.10204081632654,65.55102040816327,76.71428571428571,7.001298701298702,0.7,moderate,72255.85714285714,16,22,37,45.0,False,False,5057910.0,
2020,30,1.1642105263157894,85.68707482993197,66.38095238095238,77.11428571428571,5.023376623376624,0.7,moderate,72255.85714285714,16,22,37,45.0,False,False,5057910.0,
2020,31,1.2184210526315786,82.5374149659864,64.89795918367346,74.85714285714286,5.68961038961039,0.7,moderate,72255.85714285714,16,22,37,45.0,False,False,5057910.0,
2020,32,0.2057894736842105,79.34693877551021,57.925170068027214,69.68571428571428,5.709090909090909,0.9,light,72255.85714285714,16,22,37,45.0,False,False,5057910.0,
2020,33,0.6561509433962259,85.5578231292517,63.102739726027394,74.97142857142858,5.088311688311689,0.7,moderate,72255.85714285714,16,22,37,45.0,False,False,5057910.0,
2020,34,0.0821052631578942,83.3265306122449,58.02721088435374,72.11428571428571,4.544155844155844,0.9,light,72255.85714285714,16,22,37,45.0,False,False,5057910.0,
2020,35,0.0757894736842103,88.39455782312925,66.18367346938776,78.37142857142857,5.857142857142857,0.9,light,144511.7142857143,16,22,37,45.0,False,False,10115820.0,
2020,36,0.8806106870229005,81.80952380952381,58.18367346938776,70.88571428571429,6.707792207792208,0.7,moderate,578046.8571428572,16,22,37,45.0,False,False,10115820.0,
2020,37,2.8347244094488184,74.61194029850746,59.57462686567164,65.34285714285714,7.443939393939394,0.4,heavy,578046.8571428572,16,22,37,45.0,False,True,10115820.0,
2020,38,0.0002777777777777,74.57894736842105,49.21804511278196,62.4,5.719047619047619,0.9,light,578046.8571428572,16,22,37,45.0,False,True,10115820.0,
2020,39,0.0802777777777773,77.78947368421052,51.69172932330827,65.77142857142857,6.309523809523809,0.9,light,578046.8571428572,16,22,37,45.0,False,True,10115820.0,
2020,40,0.6347222222222217,62.76335877862596,42.285714285714285,52.25714285714286,7.1000000000000005,0.7,moderate,578046.8571428572,16,22,37,45.0,False,True,10115820.0,
2020,41,0.0016666666666664,76.53383458646617,46.97744360902256,62.371428571428574,6.911111111111111,0.9,light,578046.8571428572,16,22,37,45.0,False,True,10115820.0,
2020,42,0.1336111111111105,68.54135338345864,37.909774436090224,54.6,9.812698412698412,0.9,light,578046.8571428572,16,22,37,45.0,False,True,10115820.0,
2020,43,1.6005555555555553,57.88721804511278,40.64661654135338,46.885714285714286,9.526984126984129,0.4,heavy,578046.8571428572,16,22,37,45.0,False,True,10115820.0,
2020,44,0.339722222222222,48.766917293233085,32.0,40.6,8.798412698412697,0.9,light,578046.8571428572,16,22,37,45.0,False,True,10115820.0,
2020,45,0.0,69.14285714285714,39.84848484848485,55.34285714285714,8.482539682539683,1.0,dry,289023.4285714286,16,22,37,45.0,False,True,5057910.0,
2020,46,0.9755555555555552,59.50375939849624,36.0,48.42857142857143,11.56984126984127,0.7,moderate,72255.85714285714,16,22,37,45.0,False,False,5057910.0,
2020,47,0.3422222222222216,54.526315789473685,35.18796992481203,45.51428571428571,11.207936507936507,0.9,light,72255.85714285714,16,22,37,45.0,False,False,5057910.0,
2020,48,1.05,48.16666666666666,32.404580152671755,40.65714285714286,7.647619047619048,0.7,moderate,72255.85714285714,16,22,37,45.0,False,False,5057910.0,
2020,49,0.0057377049180325,42.91269841269841,22.45238095238096,32.628571428571426,6.147619047619048,0.9,light,72255.85714285714,16,22,37,45.0,False,False,5057910.0,
2020,50,0.9645714285714282,47.48412698412698,30.432,37.91428571428571,6.974603174603176,0.7,moderate,72255.85714285714,16,22,37,45.0,False,False,5057910.0,
2020,51,0.0218032786885242,36.51587301587302,23.42063492063492,30.34285714285714,8.403174603174604,0.9,light,72255.85714285714,16,22,37,45.0,False,False,5057910.0,
2020,52,0.1059999999999997,41.20634920634921,19.336,30.914285714285715,13.257142857142858,0.9,light,72255.85714285714,16,22,37,45.0,False,False,5057910.0,
2020,53,1.0815,35.72222222222222,20.225352112676056,27.6,9.808333333333334,0.7,moderate,,16,22,37,45.0,False,False,,
2021,1,0.0046124031007747,32.51428571428571,24.535714285714285,28.571428571428573,7.395714285714287,0.9,light,72255.85714285714,14,20,37,44.0,False,False,5057910.0,
2021,2,0.2578378378378376,36.66428571428571,25.928571428571427,32.77142857142857,9.464285714285714,0.9,light,72255.85714285714,14,20,37,44.0,False,False,5057910.0,
2021,3,0.0456756756756755,35.59285714285714,16.978571428571428,27.571428571428573,9.334285714285716,0.9,light,72255.85714285714,14,20,37,44.0,False,False,5057910.0,
2021,4,1.177421875,31.214285714285715,18.34285714285714,25.685714285714287,10.748571428571427,0.7,moderate,72255.85714285714,14,20,37,44.0,False,False,5057910.0,
2021,5,0.4771984435797663,27.48905109489051,11.693430656934307,20.714285714285715,10.502739726027398,0.9,light,72255.85714285714,14,20,37,44.0,False,False,5057910.0,
2021,6,0.1583333333333332,11.528571428571428,0.9214285714285714,5.514285714285714,10.42837837837838,0.9,light,72255.85714285714,14,20,37,44.0,False,False,5057910.0,
2021,7,0.4144444444444444,19.92805755395684,-0.1956521739130435,11.685714285714283,8.598701298701299,0.9,light,72255.85714285714,14,20,37,44.0,False,False,5057910.0,
2021,8,0.359729729729729,47.10714285714285,28.235714285714284,39.17142857142857,9.972727272727273,0.9,light,72255.85714285714,14,20,37,44.0,False,False,5057910.0,
2021,9,0.0186486486486482,49.369565217391305,24.38405797101449,38.285714285714285,7.355844155844156,0.9,light,72255.85714285714,14,20,37,44.0,False,False,5057910.0,
2021,10,0.1702702702702701,61.410071942446045,38.13768115942029,51.285714285714285,11.185714285714283,0.9,light,72255.85714285714,14,20,37,44.0,False,False,5057910.0,
2021,11,1.5716216216216214,48.65714285714286,31.914285714285715,40.82857142857143,12.211688311688311,0.4,heavy,72255.85714285714,14,20,37,44.0,False,False,5057910.0,
2021,12,1.0183783783783775,58.72142857142857,40.864285714285714,50.285714285714285,10.911688311688312,0.7,moderate,72255.85714285714,14,20,37,44.0,False,False,5057910.0,
2021,13,0.0119844357976651,58.79285714285714,31.12142857142857,46.8,11.84155844155844,0.9,light,72255.85714285714,14,20,37,44.0,False,False,5057910.0,
2021,14,1.572972972972973,69.12142857142857,49.8,59.31428571428572,11.014285714285714,0.4,heavy,72255.85714285714,14,20,37,44.0,True,False,5057910.0,
2021,15,0.0886486486486482,59.00714285714286,37.37410071942446,49.25714285714286,7.554545454545456,0.9,light,72255.85714285714,14,20,37,44.0,True,False,5057910.0,
2021,16,0.2327027027027024,55.57857142857143,35.47857142857143,46.25714285714286,8.037662337662338,0.9,light,346828.1142857142,14,20,37,44.0,True,False,8092656.0,
2021,17,0.8364864864864865,75.92086330935251,49.55714285714286,65.4,12.951948051948053,0.7,moderate,346828.1142857142,14,20,37,44.0,True,False,8092656.0,
2021,18,1.7427027027027022,64.00714285714285,43.35714285714285,55.2,8.774025974025975,0.4,heavy,346828.1142857142,14,20,37,44.0,True,False,8092656.0,
2021,19,0.4451351351351345,64.53571428571429,40.621428571428574,54.85714285714285,5.622077922077922,0.9,light,346828.1142857142,14,20,37,44.0,True,False,8092656.0,
2021,20,1.1281081081081077,77.27857142857142,61.82857142857143,69.6,9.15844155844156,0.7,moderate,346828.1142857142,14,20,37,44.0,True,False,8092656.0,
2021,21,1.0156756756756755,74.51428571428572,53.6,64.42857142857143,8.974025974025974,0.7,moderate,115609.37142857144,14,20,37,44.0,False,False,8092656.0,
2021,22,0.0559459459459453,80.87769784172662,57.39568345323741,70.91428571428571,6.651948051948053,0.9,light,115609.37142857144,14,20,37,44.0,False,False,8092656.0,
2021,23,0.5618918918918914,88.67142857142858,66.92857142857143,79.45714285714286,5.076623376623377,0.7,moderate,72255.85714285714,14,20,37,44.0,False,False,5057910.0,
2021,24,0.8462162162162156,87.13571428571429,61.62857142857143,77.08571428571429,7.329870129870129,0.7,moderate,72255.85714285714,14,20,37,44.0,False,False,5057910.0,
2021,25,3.091891891891892,79.83571428571429,61.96428571428572,72.14285714285714,9.97012987012987,0.2,very_heavy,72255.85714285714,14,20,37,44.0,False,False,5057910.0,
2021,26,1.2708108108108105,82.94285714285714,64.1,74.71428571428571,5.333766233766234,0.7,moderate,72255.85714285714,14,20,37,44.0,False,False,5057910.0,
2021,27,1.0208108108108105,81.6,64.63571428571429,73.97142857142858,6.825974025974026,0.7,moderate,72255.85714285714,14,20,37,44.0,False,False,5057910.0,
2021,28,1.5089189189189185,80.32142857142857,64.85,73.2,6.571052631578947,0.4,heavy,72255.85714285714,14,20,37,44.0,False,False,5057910.0,
2021,29,0.3777254901960777,86.37777777777778,66.24444444444444,78.0,5.2972602739726025,0.9,light,72255.85714285714,14,20,37,44.0,False,False,5057910.0,
2021,30,0.7172222222222219,84.0827067669173,64.14285714285714,75.89285714285714,5.454285714285715,0.7,moderate,72255.85714285714,14,20,37,44.0,False,False,5057910.0,
2021,31,0.1291666666666663,83.1203007518797,60.849624060150376,73.53571428571429,5.594285714285714,0.9,light,72255.85714285714,14,20,37,44.0,False,False,5057910.0,
2021,32,1.7124999999999997,85.06015037593986,65.76691729323308,76.10714285714286,7.308571428571429,0.4,heavy,72255.85714285714,14,20,37,44.0,False,False,5057910.0,
2021,33,0.1977290836653384,85.31060606060606,63.61363636363637,74.96428571428571,3.815714285714286,0.9,light,72255.85714285714,14,20,37,44.0,False,False,5057910.0,
2021,34,1.1208333333333331,90.03007518796993,68.17293233082707,78.92857142857143,5.975714285714286,0.7,moderate,72255.85714285714,14,20,37,44.0,False,False,5057910.0,
2021,35,0.5683333333333327,79.78947368421052,59.77443609022557,70.60714285714286,5.768571428571429,0.7,moderate,144511.7142857143,14,20,37,44.0,False,False,10115820.0,
2021,36,0.4055555555555553,83.0827067669173,57.556390977443606,71.21428571428571,7.238571428571428,0.9,light,578046.8571428572,14,20,37,44.0,False,False,10115820.0,
2021,37,0.0708333333333332,86.0,59.07518796992481,72.85714285714286,6.171428571428572,0.9,light,578046.8571428572,14,20,37,44.0,False,True,10115820.0,
2021,38,1.020833333333333,75.97727272727273,51.93939393939394,64.78571428571429,9.614285714285714,0.7,moderate,578046.8571428572,14,20,37,44.0,False,True,10115820.0,
2021,39,0.4113888888888884,84.16541353383458,58.98496240601504,71.82142857142857,6.047142857142857,0.9,light,578046.8571428572,14,20,37,44.0,False,True,10115820.0,
2021,40,1.1488888888888886,75.65413533834587,60.89473684210526,68.21428571428571,6.5771428571428565,0.7,moderate,578046.8571428572,14,20,37,44.0,False,True,10115820.0,
2021,41,1.873611111111111,69.92481203007519,50.00751879699248,60.25,7.63623188405797,0.4,heavy,578046.8571428572,14,20,37,44.0,False,True,10115820.0,
2021,42,0.9568525896414336,64.58333333333333,42.45864661654135,53.57142857142857,7.364705882352942,0.7,moderate,578046.8571428572,14,20,37,44.0,False,True,10115820.0,
2021,43,2.5001992031872504,56.57142857142857,42.02255639097744,50.035714285714285,9.831428571428573,0.4,heavy,578046.8571428572,14,20,37,44.0,False,True,10115820.0,
2021,44,0.0002777777777777,52.47368421052632,29.43609022556391,41.32142857142857,5.927142857142857,0.9,light,578046.8571428572,14,20,37,44.0,False,True,10115820.0,
2021,45,0.4541666666666661,53.6390977443609,37.3984962406015,46.392857142857146,11.345714285714289,0.9,light,289023.4285714286,14,20,37,44.0,False,False,5057910.0,
2021,46,0.1547222222222222,49.42857142857143,28.76691729323308,40.892857142857146,9.78,0.9,light,72255.85714285714,14,20,37,44.0,False,False,5057910.0,
2021,47,0.1208333333333329,44.3984962406015,23.42105263157895,34.75,9.89,0.9,light,72255.85714285714,14,20,37,44.0,False,False,5057910.0,
2021,48,0.128333333333333,51.55555555555556,30.672,42.25,7.918571428571428,0.9,light,72255.85714285714,14,20,37,44.0,False,False,5057910.0,
2021,49,0.853483606557377,44.784,23.99206349206349,34.535714285714285,11.677142857142856,0.7,moderate,72255.85714285714,14,20,37,44.0,False,False,5057910.0,
2021,50,0.2677142857142852,50.21428571428572,30.063492063492063,40.57142857142857,10.86,0.9,light,72255.85714285714,14,20,37,44.0,False,False,5057910.0,
2021,51,0.0785714285714281,46.47619047619048,26.365079365079364,37.10714285714285,9.141428571428571,0.9,light,72255.85714285714,14,20,37,44.0,False,False,5057910.0,
2021,52,0.9584,42.422222222222224,30.42222222222222,35.9,7.968,0.7,moderate,72255.85714285714,14,20,37,44.0,False,False,5057910.0,
2021,53,1.6131818181818178,31.7,23.25,27.666666666666668,7.706666666666666,0.4,heavy,,14,20,37,44.0,False,False,,
2022,1,0.0738888888888885,26.507142857142856,7.1571428571428575,16.428571428571427,12.487012987012989,0.9,light,63434.57142857143,16,22,37,45.0,False,False,4440420.0,
2022,2,0.08456,35.142857142857146,16.385714285714286,26.17142857142857,8.512987012987013,0.9,light,63434.57142857143,16,22,37,45.0,False,False,4440420.0,
2022,3,0.0797222222222216,31.37142857142857,10.157142857142857,20.6,10.944155844155844,0.9,light,63434.57142857143,16,22,37,45.0,False,False,4440420.0,
2022,4,0.07616,27.75,5.585714285714285,18.485714285714284,9.167123287671233,0.9,light,63434.57142857143,16,22,37,45.0,False,False,4440420.0,
2022,5,0.7348571428571422,30.464285714285715,10.95,21.542857142857144,11.528571428571428,0.7,moderate,63434.57142857143,16,22,37,45.0,False,False,4440420.0,
2022,6,0.2241666666666665,35.42142857142857,18.07857142857143,27.82857142857143,10.174285714285714,0.9,light,63434.57142857143,16,22,37,45.0,False,False,4440420.0,
2022,7,0.9428744939271252,39.90714285714286,15.928571428571429,29.0,12.968571428571428,0.7,moderate,63434.57142857143,16,22,37,45.0,False,False,4440420.0,
2022,8,0.6593548387096769,37.84285714285714,19.48201438848921,29.057142857142857,9.98611111111111,0.7,moderate,63434.57142857143,16,22,37,45.0,False,False,4440420.0,
2022,9,0.3436111111111105,56.81428571428572,31.107913669064747,44.08571428571429,10.212987012987012,0.9,light,63434.57142857143,16,22,37,45.0,False,False,4440420.0,
2022,10,0.5752419354838709,37.29285714285714,20.214285714285715,28.02857142857143,10.212987012987012,0.7,moderate,63434.57142857143,16,22,37,45.0,False,False,4440420.0,
2022,11,0.6524999999999999,62.55395683453237,36.65942028985507,50.0,8.337662337662337,0.7,moderate,63434.57142857143,16,22,37,45.0,False,False,4440420.0,
2022,12,1.0941666666666665,53.19424460431655,36.44285714285714,45.371428571428574,11.964473684210526,0.7,moderate,63434.57142857143,16,22,37,45.0,False,False,4440420.0,
2022,13,1.6077777777777773,48.72857142857143,30.685714285714287,39.94285714285714,10.544736842105262,0.4,heavy,63434.57142857143,16,22,37,45.0,False,False,4440420.0,
2022,14,0.9408333333333332,53.50714285714286,34.80714285714286,44.82857142857143,11.812987012987014,0.7,moderate,63434.57142857143,16,22,37,45.0,False,False,4440420.0,
2022,15,0.7661111111111107,60.54285714285714,35.75,49.285714285714285,11.458666666666666,0.7,moderate,63434.57142857143,16,22,37,45.0,False,False,4440420.0,
2022,16,1.0766666666666669,63.457142857142856,45.11510791366906,54.85714285714285,12.645205479452056,0.7,moderate,304485.9428571428,16,22,37,45.0,True,False,7104672.0,
2022,17,0.7269444444444442,63.10791366906475,42.82857142857143,52.82857142857143,11.838157894736844,0.7,moderate,304485.9428571428,16,22,37,45.0,True,False,7104672.0,
2022,18,1.3697222222222225,61.207142857142856,45.19285714285714,53.94285714285714,9.66103896103896,0.7,moderate,304485.9428571428,16,22,37,45.0,True,False,7104672.0,
2022,19,0.196666666666666,87.54285714285714,63.15,77.22857142857143,9.068831168831167,0.9,light,304485.9428571428,16,22,37,45.0,True,False,7104672.0,
2022,20,1.0084462151394422,76.80434782608695,53.44202898550725,65.42857142857143,8.761038961038961,0.7,moderate,304485.9428571428,16,22,37,45.0,True,False,7104672.0,
2022,21,1.133611111111111,73.3,53.66428571428571,64.34285714285714,10.188311688311687,0.7,moderate,101495.3142857143,16,22,37,45.0,True,False,7104672.0,
2022,22,0.2758167330677289,81.93525179856115,59.726618705035975,71.88571428571429,8.326315789473684,0.9,light,101495.3142857143,16,22,37,45.0,True,False,7104672.0,
2022,23,0.9844444444444442,79.10714285714286,58.96428571428572,69.85714285714286,5.974025974025974,0.7,moderate,63434.57142857143,16,22,37,45.0,False,False,4440420.0,
2022,24,0.4708333333333329,90.66187050359711,66.42142857142858,79.97142857142858,8.974025974025974,0.9,light,63434.57142857143,16,22,37,45.0,False,False,4440420.0,
2022,25,0.8788888888888885,88.61428571428571,62.92142857142857,77.8,7.118181818181818,0.7,moderate,63434.57142857143,16,22,37,45.0,False,False,4440420.0,
2022,26,0.217222222222222,84.62589928057554,60.52857142857143,74.31428571428572,6.263636363636364,0.9,light,63434.57142857143,16,22,37,45.0,False,False,4440420.0,
2022,27,2.055277777777777,86.23571428571428,67.55,77.8,7.136363636363637,0.4,heavy,63434.57142857143,16,22,37,45.0,False,False,4440420.0,
2022,28,0.9766533864541832,83.82142857142857,65.19285714285714,75.65714285714286,6.489610389610389,0.7,moderate,63434.57142857143,16,22,37,45.0,False,False,4440420.0,
2022,29,0.94332,88.12949640287769,66.90647482014388,79.65714285714286,7.548051948051949,0.7,moderate,63434.57142857143,16,22,37,45.0,False,False,4440420.0,
2022,30,0.40068,81.56115107913669,60.64748201438849,72.2,4.836363636363636,0.9,light,63434.57142857143,16,22,37,45.0,False,False,4440420.0,
2022,31,1.6298007968127488,87.19424460431655,69.1376811594203,79.08571428571429,6.992957746478873,0.4,heavy,63434.57142857143,16,22,37,45.0,False,False,4440420.0,
2022,32,1.1783333333333332,81.25,61.21428571428572,73.14285714285714,6.141428571428572,0.7,moderate,63434.57142857143,16,22,37,45.0,False,False,4440420.0,
2022,33,1.2516666666666667,81.39285714285714,59.44285714285714,71.22857142857143,5.361643835616438,0.7,moderate,63434.57142857143,16,22,37,45.0,False,False,4440420.0,
2022,34,0.5205555555555551,83.35036496350365,61.11194029850746,73.28571428571429,4.635064935064935,0.7,moderate,63434.57142857143,16,22,37,45.0,False,False,4440420.0,
2022,35,1.054444444444444,83.28571428571429,61.77205882352941,73.22857142857143,6.0,0.7,moderate,126869.14285714286,16,22,37,45.0,False,False,8880840.0,
2022,36,0.8627777777777774,79.70588235294117,58.34074074074074,69.68571428571428,5.193506493506494,0.7,moderate,507476.5714285714,16,22,37,45.0,False,False,8880840.0,
2022,37,0.8899203187250992,79.55474452554745,56.02205882352941,68.62857142857143,5.966233766233766,0.7,moderate,507476.5714285714,16,22,37,45.0,False,True,8880840.0,
2022,38,0.827862903225806,78.70588235294117,55.77941176470589,67.42857142857143,7.538356164383561,0.7,moderate,507476.5714285714,16,22,37,45.0,False,True,8880840.0,
2022,39,0.0085714285714281,68.75187969924812,40.66917293233082,55.114285714285714,6.425714285714286,0.9,light,507476.5714285714,16,22,37,45.0,False,True,8880840.0,
2022,40,0.0594285714285711,70.13533834586467,38.62406015037594,54.74285714285714,5.131428571428572,0.9,light,507476.5714285714,16,22,37,45.0,False,True,8880840.0,
2022,41,0.6605714285714286,64.94736842105263,39.21052631578947,52.54285714285714,8.837142857142858,0.7,moderate,507476.5714285714,16,22,37,45.0,False,True,8880840.0,
2022,42,0.0019999999999994,63.10526315789474,36.92481203007519,50.457142857142856,11.752857142857144,0.9,light,507476.5714285714,16,22,37,45.0,False,True,8880840.0,
2022,43,1.2234285714285713,63.766917293233085,40.796992481203006,51.82857142857143,8.03857142857143,0.7,moderate,507476.5714285714,16,22,37,45.0,False,True,8880840.0,
2022,44,0.8905714285714281,69.02255639097744,44.86259541984733,57.51428571428571,9.897142857142857,0.7,moderate,507476.5714285714,16,22,37,45.0,False,True,8880840.0,
2022,45,0.0254285714285708,56.81954887218045,36.21804511278196,46.71428571428572,10.17,0.9,light,253738.2857142857,16,22,37,45.0,False,True,4440420.0,
2022,46,0.1988571428571427,35.278195488721806,21.157894736842103,28.51428571428572,10.79714285714286,0.9,light,63434.57142857143,16,22,37,45.0,False,False,4440420.0,
2022,47,0.5708571428571424,52.85714285714285,26.67669172932331,41.02857142857143,6.7371428571428575,0.7,moderate,63434.57142857143,16,22,37,45.0,False,False,4440420.0,
2022,48,0.1351428571428565,45.54887218045113,23.69172932330827,34.885714285714286,12.362857142857145,0.9,light,63434.57142857143,16,22,37,45.0,False,False,4440420.0,
2022,49,0.4697142857142855,44.01503759398496,32.60606060606061,38.25714285714286,5.908571428571429,0.9,light,63434.57142857143,16,22,37,45.0,False,False,4440420.0,
2022,50,1.658285714285714,37.2406015037594,27.24812030075188,32.57142857142857,12.035714285714286,0.4,heavy,63434.57142857143,16,22,37,45.0,False,False,4440420.0,
2022,51,0.0916942148760329,23.94696969696969,4.909774436090226,13.6,12.36,0.9,light,63434.57142857143,16,22,37,45.0,False,False,4440420.0,
2022,52,0.4742499999999993,39.27272727272727,20.40909090909091,29.725,11.365853658536585,0.9,light,63434.57142857143,16,22,37,45.0,False,False,4440420.0,
2023,1,0.7128417266187049,41.821917808219176,30.08843537414966,35.51428571428571,7.941666666666667,0.7,moderate,63434.57142857143,15,20,36,44.0,False,False,4440420.0,
2023,2,0.06825,42.59863945578231,27.1156462585034,34.68571428571428,9.24404761904762,0.9,light,63434.57142857143,15,20,36,44.0,False,False,4440420.0,
2023,3,0.9102500000000002,41.46258503401361,31.46938775510204,36.371428571428574,10.104819277108437,0.7,moderate,63434.57142857143,15,20,36,44.0,False,False,4440420.0,
2023,4,0.493021582733813,35.72789115646258,21.231292517006803,27.97142857142857,10.198809523809524,0.9,light,63434.57142857143,15,20,36,44.0,False,False,4440420.0,
2023,5,0.0092499999999995,30.374149659863946,8.387755102040817,20.31428571428572,9.726190476190476,0.9,light,63434.57142857143,15,20,36,44.0,False,False,4440420.0,
2023,6,0.8746236559139778,47.18367346938776,24.918367346938776,36.34285714285714,9.123809523809523,0.7,moderate,63434.57142857143,15,20,36,44.0,False,False,4440420.0,
2023,7,0.4292831541218633,46.863945578231295,27.83673469387756,38.0,12.298809523809522,0.9,light,63434.57142857143,15,20,36,44.0,False,False,4440420.0,
2023,8,1.0404659498207884,45.25170068027211,26.285714285714285,35.542857142857144,9.403571428571428,0.7,moderate,63434.57142857143,15,20,36,44.0,False,False,4440420.0,
2023,9,1.4455,52.285714285714285,32.6530612244898,42.285714285714285,10.167857142857144,0.7,moderate,63434.57142857143,15,20,36,44.0,False,False,4440420.0,
2023,10,0.6736559139784943,47.24489795918368,33.93877551020408,40.457142857142856,11.217857142857142,0.7,moderate,63434.57142857143,15,20,36,44.0,False,False,4440420.0,
2023,11,0.5184999999999995,40.564625850340136,22.89115646258504,32.57142857142857,12.43452380952381,0.7,moderate,63434.57142857143,15,20,36,44.0,False,False,4440420.0,
2023,12,1.2572499999999995,52.17687074829932,33.12244897959184,43.0,11.020238095238096,0.7,moderate,63434.57142857143,15,20,36,44.0,False,False,4440420.0,
2023,13,0.7724999999999996,56.93877551020408,32.19047619047619,45.65714285714286,11.076190476190476,0.7,moderate,63434.57142857143,15,20,36,44.0,False,False,4440420.0,
2023,14,0.64025,65.95918367346938,37.63265306122449,53.0,10.441666666666666,0.7,moderate,63434.57142857143,15,20,36,44.0,False,False,4440420.0,
2023,15,0.4784999999999996,76.70068027210884,45.98639455782313,63.25714285714286,10.058333333333334,0.9,light,63434.57142857143,15,20,36,44.0,True,False,4440420.0,
2023,16,0.5972661870503594,61.27210884353742,37.91836734693877,50.114285714285714,11.475,0.7,moderate,304485.9428571428,15,20,36,44.0,True,False,7104672.0,
2023,17,0.2724999999999998,60.85034013605442,36.38775510204081,50.371428571428574,8.033734939759036,0.9,light,304485.9428571428,15,20,36,44.0,True,False,7104672.0,
2023,18,0.6324999999999996,69.48299319727892,44.97260273972603,59.71428571428572,10.889285714285714,0.7,moderate,304485.9428571428,15,20,36,44.0,True,False,7104672.0,
2023,19,1.3714999999999995,76.95918367346938,56.523809523809526,67.6,7.622619047619047,0.7,moderate,304485.9428571428,15,20,36,44.0,True,False,7104672.0,
2023,20,0.4292499999999994,74.78231292517007,50.06849315068493,63.114285714285714,6.976190476190476,0.9,light,304485.9428571428,15,20,36,44.0,True,False,7104672.0,
2023,21,0.0,79.63698630136986,49.73287671232877,66.88571428571429,6.685714285714286,1.0,dry,101495.3142857143,15,20,36,44.0,False,False,7104672.0,
2023,22,0.1827499999999996,88.91156462585035,60.24489795918368,76.42857142857143,5.354761904761905,0.9,light,101495.3142857143,15,20,36,44.0,False,False,7104672.0,
2023,23,0.2084946236559137,81.51700680272108,52.58503401360544,69.51428571428572,6.036144578313253,0.9,light,63434.57142857143,15,20,36,44.0,False,False,4440420.0,
2023,24,0.19775,79.67808219178082,53.95205479452055,69.4,6.889285714285715,0.9,light,63434.57142857143,15,20,36,44.0,False,False,4440420.0,
2023,25,0.4614999999999998,88.40816326530613,61.99315068493151,77.42857142857143,7.798809523809524,0.9,light,63434.57142857143,15,20,36,44.0,False,False,4440420.0,
2023,26,1.541768953068592,82.90972222222223,64.02777777777777,73.8,6.880722891566266,0.4,heavy,63434.57142857143,15,20,36,44.0,False,False,4440420.0,
2023,27,1.43675,84.10884353741497,62.97278911564626,74.31428571428572,5.245238095238095,0.7,moderate,63434.57142857143,15,20,36,44.0,False,False,4440420.0,
2023,28,1.3982437275985662,85.42857142857143,63.30612244897959,75.74285714285715,6.215476190476191,0.7,moderate,63434.57142857143,15,20,36,44.0,False,False,4440420.0,
2023,29,0.1936330935251797,83.04081632653062,60.68707482993197,72.88571428571429,4.823809523809524,0.9,light,63434.57142857143,15,20,36,44.0,False,False,4440420.0,
2023,30,1.1062499999999993,89.95918367346938,67.4625850340136,80.68571428571428,6.165060240963856,0.7,moderate,63434.57142857143,15,20,36,44.0,False,False,4440420.0,
2023,31,1.2133333333333332,82.49659863945578,64.10204081632654,73.68571428571428,5.669047619047619,0.7,moderate,63434.57142857143,15,20,36,44.0,False,False,4440420.0,
2023,32,1.4639999999999995,81.80272108843538,62.69387755102041,72.22857142857143,5.435365853658537,0.7,moderate,63434.57142857143,15,20,36,44.0,False,False,4440420.0,
2023,33,0.7632499999999993,80.44897959183673,58.81632653061224,71.08571428571429,7.060714285714286,0.7,moderate,63434.57142857143,15,20,36,44.0,False,False,4440420.0,
2023,34,0.3632499999999997,89.84246575342466,69.48979591836735,80.65714285714286,6.816666666666667,0.9,light,63434.57142857143,15,20,36,44.0,False,False,4440420.0,
2023,35,0.0257499999999998,82.0,54.93150684931507,69.65714285714286,5.792857142857143,0.9,light,126869.14285714286,15,20,36,44.0,False,False,8880840.0,
2023,36,0.4074100719424456,80.54794520547945,61.17808219178082,71.14285714285714,7.1012048192771084,0.9,light,507476.5714285714,15,20,36,44.0,False,True,8880840.0,
2023,37,0.9619999999999996,75.41496598639456,50.8843537414966,63.4,4.475,0.7,moderate,507476.5714285714,15,20,36,44.0,False,True,8880840.0,
2023,38,1.04825,78.9047619047619,56.90476190476191,68.42857142857143,6.159523809523809,0.7,moderate,507476.5714285714,15,20,36,44.0,False,True,8880840.0,
2023,39,0.4872499999999996,80.71428571428571,57.523809523809526,69.68571428571428,4.960714285714285,0.9,light,507476.5714285714,15,20,36,44.0,False,True,8880840.0,
2023,40,0.4564999999999999,74.48299319727892,51.06122448979592,63.285714285714285,6.983333333333333,0.9,light,507476.5714285714,15,20,36,44.0,False,True,8880840.0,
2023,41,1.75,64.28571428571429,43.36734693877551,54.25714285714286,8.083333333333334,0.4,heavy,507476.5714285714,15,20,36,44.0,False,True,8880840.0,
2023,42,0.2679999999999994,64.23809523809524,41.197278911564624,53.114285714285714,7.444047619047619,0.9,light,507476.5714285714,15,20,36,44.0,False,True,8880840.0,
2023,43,1.2466546762589927,66.21917808219177,47.842465753424655,57.142857142857146,10.371428571428572,0.7,moderate,507476.5714285714,15,20,36,44.0,False,True,8880840.0,
2023,44,0.1007499999999997,51.156462585034014,29.17687074829932,40.6,8.508333333333335,0.9,light,507476.5714285714,15,20,36,44.0,False,True,8880840.0,
2023,45,0.0424999999999995,60.70068027210884,37.23972602739726,49.62857142857143,8.777380952380952,0.9,light,253738.2857142857,15,20,36,44.0,False,False,4440420.0,
2023,46,0.0072499999999994,62.12925170068027,30.44137931034483,47.42857142857143,6.851807228915663,0.9,light,63434.57142857143,15,20,36,44.0,False,False,4440420.0,
2023,47,0.6683870967741933,44.265306122448976,30.79591836734694,37.34285714285714,8.411904761904761,0.7,moderate,63434.57142857143,15,20,36,44.0,False,False,4440420.0,
2023,48,1.00794964028777,40.51034482758621,26.65277777777778,33.77142857142857,8.416666666666666,0.7,moderate,63434.57142857143,15,20,36,44.0,False,False,4440420.0,
2023,49,0.3636329588014977,46.97142857142857,33.17857142857143,40.57142857142857,10.8,0.9,light,63434.57142857143,15,20,36,44.0,False,False,4440420.0,
2023,50,0.4984615384615384,46.5,28.285714285714285,37.48571428571429,6.758333333333334,0.9,light,63434.57142857143,15,20,36,44.0,False,False,4440420.0,
2023,51,0.4276923076923077,45.707142857142856,32.02857142857143,40.42857142857143,8.38452380952381,0.9,light,63434.57142857143,15,20,36,44.0,False,False,4440420.0,
2023,52,0.7221405750798722,43.50931677018634,32.39751552795031,38.375,9.096875,0.7,moderate,63434.57142857143,15,20,36,44.0,False,False,4440420.0,
2024,1,0.5058064516129029,37.75,28.13888888888889,33.37777777777778,7.6948453608247425,0.7,moderate,63434.57142857143,14,23,36,44.0,False,False,4440420.0,
2024,2,1.9164150943396228,31.164285714285715,18.235714285714284,23.942857142857143,14.403896103896102,0.4,heavy,63434.57142857143,14,23,36,44.0,False,False,4440420.0,
2024,3,0.0967803030303025,14.85,-2.321428571428572,5.971428571428572,10.17012987012987,0.9,light,63434.57142857143,14,23,36,44.0,False,False,4440420.0,
2024,4,1.6033962264150945,37.79710144927536,30.414285714285715,35.02857142857143,7.354545454545454,0.4,heavy,63434.57142857143,14,23,36,44.0,False,False,4440420.0,
2024,5,0.0215789473684204,45.96428571428572,31.568345323741006,38.8,8.872727272727273,0.9,light,63434.57142857143,14,23,36,44.0,False,False,4440420.0,
2024,6,0.0318421052631577,50.33571428571429,30.35507246376812,40.71428571428572,8.468,0.9,light,63434.57142857143,14,23,36,44.0,False,False,4440420.0,
2024,7,0.1886842105263157,42.302158273381295,21.51428571428572,32.857142857142854,9.571428571428571,0.9,light,63434.57142857143,14,23,36,44.0,False,False,4440420.0,
2024,8,0.1355263157894737,55.92857142857143,28.47142857142857,43.34285714285714,8.324675324675324,0.9,light,63434.57142857143,14,23,36,44.0,False,False,4440420.0,
2024,9,0.1913157894736837,59.59285714285714,28.72142857142857,45.285714285714285,11.938961038961038,0.9,light,63434.57142857143,14,23,36,44.0,False,False,4440420.0,
2024,10,1.3855263157894733,55.9,37.621428571428574,46.885714285714286,10.35064935064935,0.7,moderate,63434.57142857143,14,23,36,44.0,False,False,4440420.0,
2024,11,0.6578947368421051,63.34285714285714,37.1,51.371428571428574,11.335064935064937,0.7,moderate,63434.57142857143,14,23,36,44.0,False,False,4440420.0,
2024,12,0.1242105263157892,48.392857142857146,27.992805755395683,38.48571428571429,10.984415584415585,0.9,light,63434.57142857143,14,23,36,44.0,False,False,4440420.0,
2024,13,1.2133333333333332,58.44604316546763,36.38405797101449,48.71428571428572,11.739473684210529,0.7,moderate,63434.57142857143,14,23,36,44.0,False,False,4440420.0,
2024,14,2.041052631578947,52.23571428571429,36.31428571428572,44.57142857142857,12.117105263157894,0.4,heavy,63434.57142857143,14,23,36,44.0,True,False,4440420.0,
2024,15,0.604736842105263,69.3,44.76258992805755,58.71428571428572,9.72857142857143,0.7,moderate,63434.57142857143,14,23,36,44.0,True,False,4440420.0,
2024,16,0.6894736842105259,66.82857142857142,44.18571428571428,56.34285714285714,11.42987012987013,0.7,moderate,304485.9428571428,14,23,36,44.0,True,False,7104672.0,
2024,17,1.884210526315789,66.05,43.88235294117647,57.2,11.732894736842104,0.4,heavy,304485.9428571428,14,23,36,44.0,True,False,7104672.0,
2024,18,1.2918181818181815,75.71942446043165,51.75,65.05714285714286,7.817105263157895,0.7,moderate,304485.9428571428,14,23,36,44.0,True,False,7104672.0,
2024,19,1.09,74.33812949640287,51.48550724637681,64.57142857142857,8.12463768115942,0.7,moderate,304485.9428571428,14,23,36,44.0,True,False,7104672.0,
2024,20,0.7607894736842099,77.78260869565217,56.19565217391305,68.97058823529412,6.4125,0.7,moderate,304485.9428571428,14,23,36,44.0,True,False,7104672.0,
2024,21,1.052121212121212,81.44604316546763,59.15714285714286,71.14285714285714,9.711688311688311,0.7,moderate,101495.3142857143,14,23,36,44.0,True,False,7104672.0,
2024,22,1.034090909090909,75.65714285714286,54.62857142857143,66.17142857142858,7.3428571428571425,0.7,moderate,101495.3142857143,14,23,36,44.0,True,False,7104672.0,
2024,23,0.8447368421052631,81.84285714285714,59.74285714285714,72.4,8.82077922077922,0.7,moderate,63434.57142857143,14,23,36,44.0,True,False,4440420.0,
2024,24,0.3115789473684209,85.27142857142857,59.0863309352518,74.45714285714286,7.62077922077922,0.9,light,63434.57142857143,14,23,36,44.0,False,False,4440420.0,
2024,25,1.118947368421052,90.87142857142857,70.66428571428571,82.0,9.253246753246753,0.7,moderate,63434.57142857143,14,23,36,44.0,False,False,4440420.0,
2024,26,1.1213157894736838,84.29285714285714,64.62142857142857,75.88571428571429,8.075324675324675,0.7,moderate,63434.57142857143,14,23,36,44.0,False,False,4440420.0,
2024,27,0.8978490566037733,82.68571428571428,62.385714285714286,73.71428571428571,6.328571428571428,0.7,moderate,63434.57142857143,14,23,36,44.0,False,False,4440420.0,
2024,28,2.3078947368421048,84.57142857142857,65.59285714285714,75.37142857142857,5.57012987012987,0.4,heavy,63434.57142857143,14,23,36,44.0,False,False,4440420.0,
2024,29,1.6065789473684209,82.43571428571428,61.935251798561154,73.17142857142858,5.279220779220779,0.4,heavy,63434.57142857143,14,23,36,44.0,False,False,4440420.0,
2024,30,0.5544528301886791,82.96428571428571,62.79285714285714,73.54285714285714,4.846753246753247,0.7,moderate,63434.57142857143,14,23,36,44.0,False,False,4440420.0,
2024,31,1.241052631578947,86.67857142857143,67.97142857142858,77.54285714285714,5.306493506493506,0.7,moderate,63434.57142857143,14,23,36,44.0,False,False,4440420.0,
2024,32,0.2115789473684207,80.67857142857143,60.24285714285714,70.94285714285714,6.702597402597403,0.9,light,63434.57142857143,14,23,36,44.0,False,False,4440420.0,
2024,33,1.41578947368421,81.77857142857142,62.77142857142857,72.4,6.088311688311689,0.7,moderate,63434.57142857143,14,23,36,44.0,False,False,4440420.0,
2024,34,0.0018421052631575,80.4,56.82142857142857,69.85714285714286,5.55064935064935,0.9,light,63434.57142857143,14,23,36,44.0,False,False,4440420.0,
2024,35,1.32125,88.4748201438849,66.70503597122303,77.94285714285714,6.013333333333334,0.7,moderate,126869.14285714286,14,23,36,44.0,False,False,8880840.0,
2024,36,0.0196958174904939,77.26428571428572,50.635714285714286,64.25714285714285,5.47922077922078,0.9,light,507476.5714285714,14,23,36,44.0,False,True,8880840.0,
2024,37,0.0768421052631575,83.58571428571429,54.8,69.34285714285714,5.066233766233767,0.9,light,507476.5714285714,14,23,36,44.0,False,True,8880840.0,
2024,38,0.3905263157894735,87.62142857142857,58.17142857142857,73.37142857142857,4.3441558441558445,0.9,light,507476.5714285714,14,23,36,44.0,False,True,8880840.0,
2024,39,1.3071102661596952,74.44202898550725,57.7463768115942,66.37142857142857,7.716176470588236,0.7,moderate,507476.5714285714,14,23,36,44.0,False,True,8880840.0,
2024,40,0.1621052631578947,78.11510791366906,50.785714285714285,65.77142857142857,7.061333333333334,0.9,light,507476.5714285714,14,23,36,44.0,False,True,8880840.0,
2024,41,0.001320754716981,76.65467625899281,45.26618705035971,60.48571428571429,5.9828947368421055,0.9,light,507476.5714285714,14,23,36,44.0,False,True,8880840.0,
2024,42,0.0385660377358487,65.33093525179856,35.62589928057554,51.05714285714286,6.830666666666666,0.9,light,507476.5714285714,14,23,36,44.0,False,True,8880840.0,
2024,43,0.4747368421052628,69.42857142857143,39.30714285714286,55.8,6.741558441558442,0.9,light,507476.5714285714,14,23,36,44.0,False,True,8880840.0,
2024,44,0.4062641509433962,69.08571428571429,45.65,58.48571428571429,12.414285714285716,0.9,light,507476.5714285714,14,23,36,44.0,False,True,8880840.0,
2024,45,2.4957894736842103,61.79285714285714,46.51798561151079,54.17142857142857,8.586666666666666,0.4,heavy,253738.2857142857,14,23,36,44.0,False,False,4440420.0,
2024,46,0.339962264150943,55.22857142857143,38.642857142857146,47.371428571428574,8.215584415584416,0.9,light,63434.57142857143,14,23,36,44.0,False,False,4440420.0,
2024,47,0.6819615384615383,51.81428571428572,37.87407407407407,45.68571428571428,11.828947368421051,0.7,moderate,63434.57142857143,14,23,36,44.0,False,False,4440420.0,
2024,48,0.1052631578947368,38.381294964028775,23.142857142857142,31.37142857142857,9.248051948051948,0.9,light,63434.57142857143,14,23,36,44.0,False,False,4440420.0,
2024,49,0.0214772727272726,37.11510791366906,16.381294964028775,28.142857142857142,11.00144927536232,0.9,light,63434.57142857143,14,23,36,44.0,False,False,4440420.0,
2024,50,0.650867924528302,38.1,22.478571428571428,30.542857142857144,9.610144927536233,0.7,moderate,63434.57142857143,14,23,36,44.0,False,False,4440420.0,
2024,51,0.1721839080459764,39.58273381294964,24.06474820143885,32.82857142857143,9.084057971014492,0.9,light,63434.57142857143,14,23,36,44.0,False,False,4440420.0,
2024,52,0.6617938931297708,46.32857142857143,36.52857142857143,42.0,8.367142857142857,0.7,moderate,63434.57142857143,14,23,36,44.0,False,False,4440420.0,
2025,1,0.1719565217391301,30.357894736842105,18.57894736842105,24.0,10.25090909090909,0.9,light,63434.57142857143,16,22,36,,False,False,4440420.0,
2025,2,0.21922480620155,28.7593984962406,14.609022556390975,23.34285714285714,8.694805194805195,0.9,light,63434.57142857143,16,22,36,,False,False,4440420.0,
2025,3,0.062131782945736,30.195488721804512,8.93233082706767,20.97142857142857,11.04025974025974,0.9,light,63434.57142857143,16,22,36,,False,False,4440420.0,
2025,4,0.0318677042801551,23.795454545454547,3.363636363636364,14.8,10.050666666666666,0.9,light,63434.57142857143,16,22,36,,False,False,4440420.0,
2025,5,0.5812451361867703,45.16541353383459,24.70676691729324,36.71428571428572,9.50379746835443,0.7,moderate,63434.57142857143,16,22,36,,False,False,4440420.0,
2025,6,0.0613513513513509,40.18796992481203,26.383458646616543,32.457142857142856,9.772619047619049,0.9,light,63434.57142857143,16,22,36,,False,False,4440420.0,
2025,7,0.3816929133858267,30.80152671755725,14.44186046511628,22.77142857142857,10.609876543209875,0.9,light,63434.57142857143,16,22,36,,False,False,4440420.0,
2025,8,0.0189189189189189,24.26315789473684,4.863636363636363,13.628571428571428,9.10602409638554,0.9,light,63434.57142857143,16,22,36,,False,False,4440420.0,
2025,9,0.0537837837837832,53.18939393939394,28.33834586466165,40.85714285714285,9.46309523809524,0.9,light,63434.57142857143,16,22,36,,False,False,4440420.0,
2025,10,1.27859375,51.3828125,30.625,40.74285714285714,11.354430379746836,0.7,moderate,63434.57142857143,16,22,36,,False,False,4440420.0,
2025,11,0.5518918918918916,67.46212121212122,36.70992366412214,52.31428571428572,11.479268292682926,0.7,moderate,63434.57142857143,16,22,36,,False,False,4440420.0,
2025,12,0.8017441860465113,58.2406015037594,31.954887218045112,46.6,13.739285714285714,0.7,moderate,63434.57142857143,16,22,36,,False,False,4440420.0,
2025,13,0.3735135135135131,63.18796992481203,41.3984962406015,53.457142857142856,10.88095238095238,0.9,light,63434.57142857143,16,22,36,,False,False,4440420.0,
2025,14,2.06,56.28787878787879,37.88721804511278,46.25714285714286,10.903571428571428,0.4,heavy,63434.57142857143,16,22,36,,False,False,4440420.0,
2025,15,0.0972972972972973,57.16666666666666,34.203007518796994,46.71428571428572,8.895121951219512,0.9,light,63434.57142857143,16,22,36,,False,False,4440420.0,
2025,16,0.6905038759689917,66.97744360902256,45.6390977443609,57.4,12.375,0.7,moderate,304485.9428571428,16,22,36,,True,False,7104672.0,
2025,17,0.8354054054054051,71.25563909774436,46.25757575757576,59.8,8.793827160493827,0.7,moderate,304485.9428571428,16,22,36,,True,False,7104672.0,
2025,18,0.8556756756756754,69.27067669172932,49.1203007518797,59.57142857142857,10.226190476190476,0.7,moderate,304485.9428571428,16,22,36,,True,False,7104672.0,
2025,19,0.1078378378378378,72.97744360902256,44.59398496240601,60.22857142857143,7.014285714285715,0.9,light,304485.9428571428,16,22,36,,True,False,7104672.0,
2025,20,0.24054054054054,81.60902255639098,56.07518796992481,69.02857142857142,9.34047619047619,0.9,light,304485.9428571428,16,22,36,,True,False,7104672.0,
2025,21,1.4810810810810804,67.83458646616542,49.06015037593985,58.82857142857143,9.329761904761906,0.7,moderate,101495.3142857143,16,22,36,,True,False,7104672.0,
2025,22,0.294324324324324,73.63157894736842,52.12781954887218,63.82857142857143,6.616867469879519,0.9,light,101495.3142857143,16,22,36,,True,False,7104672.0,
2025,23,1.6143243243243242,79.29323308270676,57.92424242424242,68.54285714285714,7.291566265060242,0.4,heavy,63434.57142857143,16,22,36,,False,False,4440420.0,
2025,24,0.4127027027027022,80.82575757575758,59.4812030075188,70.2,6.8047619047619055,0.9,light,63434.57142857143,16,22,36,,False,False,4440420.0,
2025,25,1.034054054054054,86.96969696969697,67.97744360902256,77.34285714285714,8.933333333333334,0.7,moderate,63434.57142857143,16,22,36,,False,False,4440420.0,
2025,26,0.5016216216216212,91.09022556390975,71.38345864661655,81.17142857142858,6.319047619047619,0.7,moderate,63434.57142857143,16,22,36,,False,False,4440420.0,
2025,27,0.4908108108108107,89.22727272727273,67.83458646616542,78.28571428571429,5.941666666666667,0.9,light,63434.57142857143,16,22,36,,False,False,4440420.0,
2025,28,1.7351351351351352,86.59398496240601,66.92481203007519,76.11428571428571,5.266666666666667,0.4,heavy,63434.57142857143,16,22,36,,False,False,4440420.0,
2025,29,1.4008108108108106,85.0,67.0827067669173,75.91428571428571,5.223809523809524,0.7,moderate,63434.57142857143,16,22,36,,False,False,4440420.0,
2025,30,1.4905405405405403,88.42857142857143,71.71428571428571,79.45714285714286,6.0,0.7,moderate,63434.57142857143,16,22,36,,False,False,4440420.0,
2025,31,1.0197297297297292,83.77443609022556,64.2781954887218,73.77142857142857,6.128395061728395,0.7,moderate,63434.57142857143,16,22,36,,False,False,4440420.0,
2025,32,0.1536186770428009,86.50375939849624,66.57894736842105,76.0,6.922077922077922,0.9,light,63434.57142857143,16,22,36,,False,False,4440420.0,
2025,33,1.3765758754863808,89.01503759398496,67.88721804511279,77.4,4.884415584415585,0.7,moderate,63434.57142857143,16,22,36,,False,False,4440420.0,
2025,34,0.8413513513513506,83.76691729323308,63.142857142857146,73.0,6.548051948051948,0.7,moderate,63434.57142857143,16,22,36,,False,False,4440420.0,
2025,35,0.1287550200803209,77.96825396825396,52.595238095238095,60.27272727272727,5.564705882352942,0.9,light,126869.14285714286,16,22,36,,False,False,8880840.0,
2025,36,0.1975984251968503,75.09774436090225,49.13533834586466,,,0.9,light,507476.5714285714,16,22,36,,False,False,8880840.0,
2025,37,0.09856,84.03076923076924,53.99230769230769,,,0.9,light,507476.5714285714,16,22,36,,False,False,8880840.0,
2025,38,0.3672131147540982,87.62698412698413,60.095238095238095,,,0.9,light,507476.5714285714,16,22,36,,False,False,8880840.0,
2025,39,0.5863934426229509,82.07142857142857,56.61111111111112,,,0.7,moderate,507476.5714285714,16,22,36,,False,False,8880840.0,
2025,40,0.0033599999999993,87.61904761904762,57.74603174603175,,,0.9,light,507476.5714285714,16,22,36,,False,False,8880840.0,
2025,41,0.6406147540983603,74.104,48.056,,,0.7,moderate,507476.5714285714,16,22,36,,False,False,8880840.0,
2025,42,1.0293442622950817,74.95081967213115,53.89256198347108,,,0.7,moderate,507476.5714285714,16,22,36,,False,False,8880840.0,
2025,43,0.1105263157894735,60.656,37.896,,,0.9,light,507476.5714285714,16,22,36,,False,False,8880840.0,
2025,44,0.3639204545454541,58.51136363636363,40.895348837209305,,,0.9,light,507476.5714285714,16,22,36,,False,False,8880840.0,
