year,week,prcp_week_in,TMAX,TMIN,TAVG,AWND,capacity_factor,rain_category,labor_hours,plant_start_week,plant_end_week,harvest_start_week,harvest_end_week,is_plant_window,is_harvest_window,labor_hours_base,harvest_weather_factor
2017,1,0.0358241758241758,25.728571428571428,9.25,17.942857142857143,9.32077922077922,0.9941697788044324,light,77061.59983869497,15,20,37,45,False,False,5057910.0,1.0
2017,2,0.0617582417582417,39.24285714285714,21.81428571428572,29.457142857142856,10.76883116883117,0.9852622911676948,light,74878.57511148615,15,20,37,45,False,False,5057910.0,1.0
2017,3,0.2003663003663003,47.24285714285714,35.128571428571426,40.34285714285714,8.135064935064936,0.9657334793588962,light,73302.60149056891,15,20,37,45,False,False,5057910.0,1.0
2017,4,0.0115018315018315,37.77142857142857,29.285714285714285,33.6,11.251948051948052,0.9975715054195857,light,65788.06879168583,15,20,37,45,False,False,5057910.0,1.0
2017,5,0.0017948717948717,37.79285714285714,19.97142857142857,29.942857142857143,10.162337662337665,0.9997597028494487,light,78271.8049306387,15,20,37,45,False,False,5057910.0,1.0
2017,6,0.0594833948339483,46.72857142857143,24.442857142857143,36.114285714285714,11.287012987012988,0.9893114795111455,light,64288.92827607308,15,20,37,45,False,False,5057910.0,1.0
2017,7,0.0006593406593406,56.70503597122302,30.2,43.85714285714285,8.167532467532467,0.9998958054728605,light,59862.84329871453,15,20,37,45,False,False,5057910.0,1.0
2017,8,0.0388644688644688,58.392857142857146,36.65714285714286,48.08571428571429,10.910389610389611,0.9926178168717139,light,78053.74577497451,15,20,37,45,False,False,5057910.0,1.0
2017,9,0.1180952380952381,52.726618705035975,31.01428571428572,42.74285714285714,11.842857142857143,0.9780864087505593,light,51331.281725851906,15,20,37,45,False,False,5057910.0,1.0
2017,10,0.0626007326007326,50.48571428571429,31.9,41.457142857142856,11.945454545454544,0.9865567266665285,light,80666.54303500752,15,20,37,45,False,False,5057910.0,1.0
2017,11,0.0424723247232472,42.726618705035975,23.26428571428572,34.2,9.688311688311687,0.9907622248442581,light,88994.54938737143,15,20,37,45,False,False,5057910.0,1.0
2017,12,0.1203663003663003,59.50359712230216,38.7,49.31428571428572,11.288311688311689,0.9831643026974635,light,64738.70101954026,15,20,37,45,False,False,5057910.0,1.0
2017,13,0.2445054945054945,55.364285714285714,40.57142857142857,47.71428571428572,9.066233766233768,0.9663857781329022,light,100112.76170260728,15,20,37,45,False,False,5057910.0,1.0
2017,14,0.2067399267399267,60.40714285714286,42.207142857142856,52.114285714285714,12.568831168831167,0.9693192468456167,light,77479.7069666687,15,20,37,45,False,False,5057910.0,1.0
2017,15,0.1788235294117647,72.27857142857142,48.33571428571429,62.25714285714286,9.972727272727273,0.9618364315834051,light,56246.307900171894,15,20,37,45,True,False,5057910.0,1.0
2017,16,0.0282783882783882,69.99285714285715,45.97142857142857,59.114285714285714,9.510389610389607,0.9959828009036295,light,256257.97918921645,15,20,37,45,True,False,8092656.0,1.0
2017,17,0.5056043956043956,65.95,45.52142857142857,55.02857142857143,11.222077922077922,0.91236624412555,moderate,360130.37732007756,15,20,37,45,True,False,8092656.0,1.0
2017,18,0.2016849816849817,59.72857142857143,41.57142857142857,52.17142857142857,11.127272727272729,0.9459193133281614,light,397882.18310898676,15,20,37,45,True,False,8092656.0,1.0
2017,19,0.1649450549450549,74.24285714285715,49.73571428571429,63.85714285714285,7.362337662337662,0.9666222476362051,light,371820.38072123204,15,20,37,45,True,False,8092656.0,1.0
2017,20,0.2434065934065934,77.40714285714286,56.16428571428571,67.0,12.92207792207792,0.9439916079851677,light,431883.7232648546,15,20,37,45,True,False,8092656.0,1.0
2017,21,0.1284615384615384,71.71428571428571,53.21428571428572,62.22857142857143,7.336363636363636,0.9770753443279874,light,102616.59830928249,15,20,37,45,False,False,8092656.0,1.0
2017,22,0.0158823529411764,82.28985507246377,55.89855072463768,70.4,6.1688311688311686,0.9958488735344518,light,114245.83673015122,15,20,37,45,False,False,8092656.0,1.0
2017,23,0.0067399267399267,84.49285714285715,58.32374100719424,73.65714285714286,9.636363636363637,0.9982167462538976,light,54055.940170059104,15,20,37,45,False,False,5057910.0,1.0
2017,24,0.2116117216117216,88.96428571428571,67.95,79.25714285714285,8.75974025974026,0.9741053594169041,light,73559.38779452097,15,20,37,45,False,False,5057910.0,1.0
2017,25,0.0931501831501831,81.60714285714286,60.121428571428574,72.0,8.376623376623376,0.9818409216838093,light,49928.5252511037,15,20,37,45,False,False,5057910.0,1.0
2017,26,0.120110294117647,81.22857142857143,58.58992805755396,70.57142857142857,7.658441558441559,0.964075788746589,light,82252.55848274226,15,20,37,45,False,False,5057910.0,1.0
2017,27,0.0371428571428571,86.99285714285715,64.90714285714286,77.42857142857143,5.685714285714286,0.9928411369847726,light,81958.99737662564,15,20,37,45,False,False,5057910.0,1.0
2017,28,0.21,84.97857142857143,65.7,77.14285714285714,6.979220779220779,0.9575318946495642,light,62706.71426857392,15,20,37,45,False,False,5057910.0,1.0
2017,29,0.3602564102564102,89.63571428571429,67.60714285714286,79.94285714285714,5.712987012987012,0.9301414854035737,light,89877.83465284402,15,20,37,45,False,False,5057910.0,1.0
2017,30,0.1358974358974359,82.8695652173913,62.35714285714285,73.8,6.585714285714286,0.9822983187722251,light,52507.6471458218,15,20,37,45,False,False,5057910.0,1.0
2017,31,0.0494139194139194,80.97857142857143,59.68571428571428,71.42857142857143,5.224675324675325,0.99220905475469,light,60233.13363604125,15,20,37,45,False,False,5057910.0,1.0
2017,32,0.033040293040293,80.44285714285714,56.56428571428572,69.88571428571429,4.931168831168831,0.9941395243671454,light,65349.10295368493,15,20,37,45,False,False,5057910.0,1.0
2017,33,0.0617582417582417,84.5,63.02857142857143,74.34285714285714,5.932467532467532,0.9909510301896555,light,71479.96152272171,15,20,37,45,False,False,5057910.0,1.0
2017,34,0.0918315018315018,79.2,57.47142857142857,68.88571428571429,6.04025974025974,0.982279383696639,light,79341.03857933848,15,20,37,45,False,False,5057910.0,1.0
2017,35,0.0809523809523809,77.8,54.52142857142857,66.48571428571428,5.709090909090909,0.9855369786751645,light,135303.66789140762,15,20,37,45,False,False,10115820.0,1.0
2017,36,0.0035555555555555,75.75912408759125,50.07299270072993,63.457142857142856,6.897333333333333,0.9995586366096302,light,450406.31686510995,15,20,37,45,False,False,10115820.0,0.7
2017,37,0.0107894736842105,81.45864661654136,55.27067669172932,69.0,5.314285714285714,0.9983899734250298,light,491026.78484998073,15,20,37,45,False,True,10115820.0,0.7
2017,38,0.0745488721804511,88.9624060150376,64.33834586466165,76.68571428571428,5.182857142857143,0.9862546697489387,light,880435.5578328172,15,20,37,45,False,True,10115820.0,0.7
2017,39,0.0006015037593984,79.3984962406015,52.3984962406015,65.97142857142858,6.251428571428572,0.9999409312930181,light,651832.6071791601,15,20,37,45,False,True,10115820.0,1.0
2017,40,0.1563157894736842,77.61654135338345,59.03007518796993,68.68571428571428,8.478571428571428,0.9800646469666429,light,516635.56855092687,15,20,37,45,False,True,10115820.0,1.0
2017,41,0.5853007518796992,71.13533834586467,53.0,61.71428571428572,8.471428571428572,0.8527159803252747,moderate,615316.6980720804,15,20,37,45,False,True,10115820.0,1.0
2017,42,0.0394360902255639,72.33082706766918,46.71428571428572,59.8,8.555714285714286,0.991152195464848,light,609040.811223645,15,20,37,45,False,True,10115820.0,1.0
2017,43,0.1593962264150943,53.278195488721806,36.93233082706767,45.02857142857143,9.998571428571427,0.9623143252400829,light,669564.8612810317,15,20,37,45,False,True,10115820.0,1.0
2017,44,0.0671052631578947,52.5187969924812,38.04511278195488,45.57142857142857,9.084285714285716,0.9847882761936811,light,693970.5156959308,15,20,37,45,False,True,10115820.0,1.0
2017,45,0.0414716981132075,45.01503759398496,28.37593984962406,36.25714285714286,7.814285714285714,0.9924636899564088,light,383412.93372351053,15,20,37,45,False,True,5057910.0,1.0
2017,46,0.1798120300751879,47.95488721804512,30.56390977443609,39.885714285714286,10.335714285714284,0.9745089735265202,light,79901.18103448334,15,20,37,45,False,False,5057910.0,1.0
2017,47,0.0010526315789473,51.721804511278194,27.113636363636363,40.48571428571429,9.617142857142856,0.9998075744035073,light,79010.88647055413,15,20,37,45,False,False,5057910.0,1.0
2017,48,0.0028517110266159,57.38461538461539,30.589147286821703,44.94285714285714,7.227142857142857,0.9995802873930193,light,66842.2047551823,15,20,37,45,False,False,5057910.0,1.0
2017,49,0.0241015625,41.983870967741936,23.298387096774192,34.02857142857143,13.048529411764704,0.9927655256655029,light,53716.68498190268,15,20,37,45,False,False,5057910.0,1.0
2017,50,0.0045238095238095,41.54761904761905,22.96031746031746,32.77142857142857,10.46142857142857,0.9991237310123243,light,87624.11956055414,15,20,37,45,False,False,5057910.0,1.0
2017,51,0.0307936507936507,41.73809523809524,28.15079365079365,35.31428571428572,8.545714285714286,0.9947815136739373,light,58841.16925865538,15,20,37,45,False,False,5057910.0,1.0
2017,52,0.0306872852233676,17.78082191780822,2.664383561643836,10.175,7.701234567901234,0.9933232321704316,light,40525.11406800838,15,20,37,45,False,False,5057910.0,0.7
2018,1,0.0814074074074074,16.961783439490446,-2.656050955414013,8.5,8.832183908045977,0.9,light,72255.85714285714,17,19,37,43,False,False,5057910.0,
2018,2,0.0479411764705882,36.0,18.20289855072464,27.51428571428572,11.712987012987012,0.9,light,72255.85714285714,17,19,37,43,False,False,5057910.0,
2018,3,0.0197046413502109,32.41726618705036,14.028571428571428,24.34285714285714,11.125974025974026,0.9,light,72255.85714285714,17,19,37,43,False,False,5057910.0,
2018,4,0.1074369747899159,46.885714285714286,28.957142857142856,38.94285714285714,10.974025974025974,0.9,light,72255.85714285714,17,19,37,43,False,False,5057910.0,
2018,5,0.0053777777777777,35.768115942028984,14.693430656934307,26.34285714285714,11.672727272727272,0.9,light,72255.85714285714,17,19,37,43,False,False,5057910.0,
2018,6,0.1030593607305936,25.05,7.485714285714286,16.457142857142856,8.144155844155845,0.9,light,72255.85714285714,17,19,37,43,False,False,5057910.0,
2018,7,0.0199095022624434,40.51428571428571,18.17985611510792,29.51428571428572,8.849350649350649,0.9,light,72255.85714285714,17,19,37,43,False,False,5057910.0,
2018,8,0.4950222222222222,48.71428571428572,32.18571428571428,39.2,12.148051948051949,0.9,light,72255.85714285714,17,19,37,43,False,False,5057910.0,
2018,9,0.0654468085106383,54.392857142857146,32.25714285714286,43.885714285714286,9.36103896103896,0.9,light,72255.85714285714,17,19,37,43,False,False,5057910.0,
2018,10,0.0640506329113924,41.535714285714285,25.914285714285715,33.77142857142857,10.27922077922078,0.9,light,72255.85714285714,17,19,37,43,False,False,5057910.0,
2018,11,0.0398739495798319,47.96402877697842,25.58992805755396,37.51428571428571,9.207792207792208,0.9,light,72255.85714285714,17,19,37,43,False,False,5057910.0,
2018,12,0.0988655462184874,46.94285714285714,28.035714285714285,37.94285714285714,11.96883116883117,0.9,light,72255.85714285714,17,19,37,43,False,False,5057910.0,
2018,13,0.1605042016806722,50.08571428571429,32.52142857142857,41.22857142857143,9.263636363636364,0.9,light,72255.85714285714,17,19,37,43,False,False,5057910.0,
2018,14,0.066228813559322,43.17142857142857,22.6,32.77142857142857,9.971428571428572,0.9,light,72255.85714285714,17,19,37,43,False,False,5057910.0,
2018,15,0.1572268907563025,56.47142857142857,37.614285714285714,47.48571428571429,11.75921052631579,0.9,light,72255.85714285714,17,19,37,43,False,False,5057910.0,
2018,16,0.0261764705882352,53.60714285714285,32.357142857142854,42.97142857142857,10.68051948051948,0.9,light,346828.1142857142,17,19,37,43,False,False,8092656.0,
2018,17,0.0137552742616033,66.15,39.121428571428574,55.34285714285714,8.645454545454546,0.9,light,346828.1142857142,17,19,37,43,True,False,8092656.0,
2018,18,0.1367226890756302,79.40287769784173,53.23571428571429,68.85714285714286,11.107792207792206,0.9,light,346828.1142857142,17,19,37,43,True,False,8092656.0,
2018,19,0.1062184873949579,78.04285714285714,52.99285714285714,66.51428571428572,8.853246753246754,0.9,light,346828.1142857142,17,19,37,43,True,False,8092656.0,
2018,20,0.1197478991596638,79.9,57.80714285714286,69.37142857142857,7.394805194805195,0.9,light,346828.1142857142,17,19,37,43,False,False,8092656.0,
2018,21,0.1324894514767932,84.5072463768116,60.731884057971016,73.2,5.14025974025974,0.9,light,115609.37142857144,17,19,37,43,False,False,8092656.0,
2018,22,0.1689075630252101,86.84285714285714,64.6,77.05714285714286,7.131168831168831,0.9,light,115609.37142857144,17,19,37,43,False,False,8092656.0,
2018,23,0.2254201680672269,83.62857142857143,60.09285714285714,73.57142857142857,6.9,0.9,light,72255.85714285714,17,19,37,43,False,False,5057910.0,
2018,24,0.1772532188841201,84.92142857142858,65.81428571428572,76.45714285714286,6.963636363636364,0.9,light,72255.85714285714,17,19,37,43,False,False,5057910.0,
2018,25,0.4285836909871244,82.0,66.28571428571429,74.11428571428571,6.572727272727273,0.9,light,72255.85714285714,17,19,37,43,False,False,5057910.0,
2018,26,0.117563025210084,86.25714285714285,67.82857142857142,77.62857142857143,8.074025974025975,0.9,light,72255.85714285714,17,19,37,43,False,False,5057910.0,
2018,27,0.1291176470588235,86.57857142857142,64.55395683453237,76.74285714285715,5.606493506493506,0.9,light,72255.85714285714,17,19,37,43,False,False,5057910.0,
2018,28,0.1225316455696202,88.22142857142858,66.19285714285714,78.85714285714286,5.364935064935065,0.9,light,72255.85714285714,17,19,37,43,False,False,5057910.0,
2018,29,0.0991983122362869,83.00714285714285,64.83571428571429,74.51428571428572,7.91038961038961,0.9,light,72255.85714285714,17,19,37,43,False,False,5057910.0,
2018,30,0.0393697478991596,81.3,60.02142857142857,71.8,5.072727272727273,0.9,light,72255.85714285714,17,19,37,43,False,False,5057910.0,
2018,31,0.0738235294117647,84.07857142857142,62.52857142857143,74.28571428571429,5.603896103896104,0.9,light,72255.85714285714,17,19,37,43,False,False,5057910.0,
2018,32,0.1286554621848739,85.93571428571428,65.45,76.4,4.661038961038961,0.9,light,72255.85714285714,17,19,37,43,False,False,5057910.0,
2018,33,0.1575,84.56428571428572,65.73571428571428,75.51428571428572,4.311688311688312,0.9,light,72255.85714285714,17,19,37,43,False,False,5057910.0,
2018,34,0.2,80.81428571428572,62.32857142857143,72.25714285714285,8.03116883116883,0.9,light,72255.85714285714,17,19,37,43,False,False,5057910.0,
2018,35,0.3152244897959184,85.57857142857142,66.62589928057554,76.48571428571428,8.422077922077921,0.9,light,144511.7142857143,17,19,37,43,False,False,10115820.0,
2018,36,0.4236213991769547,80.61151079136691,65.31159420289855,72.85714285714286,8.971052631578948,0.9,light,578046.8571428572,17,19,37,43,False,False,10115820.0,
2018,37,0.0,83.83458646616542,57.43609022556391,70.57142857142857,3.798571428571428,1.0,dry,578046.8571428572,17,19,37,43,False,True,10115820.0,
2018,38,0.0378813559322033,84.32330827067669,59.87218045112782,71.2,6.828571428571428,0.9,light,578046.8571428572,17,19,37,43,False,True,10115820.0,
2018,39,0.0959243697478991,71.81954887218045,49.57575757575758,59.97142857142857,6.655714285714286,0.9,light,578046.8571428572,17,19,37,43,False,True,10115820.0,
2018,40,0.2916386554621848,78.06015037593986,57.1578947368421,65.37142857142857,8.918571428571427,0.9,light,578046.8571428572,17,19,37,43,False,True,10115820.0,
2018,41,0.128781512605042,64.55639097744361,47.067669172932334,55.68571428571428,9.201428571428572,0.9,light,578046.8571428572,17,19,37,43,False,True,10115820.0,
2018,42,0.0266244725738396,55.56390977443609,31.57894736842105,44.68571428571428,8.685714285714285,0.9,light,578046.8571428572,17,19,37,43,False,True,10115820.0,
2018,43,0.0416455696202531,57.61654135338346,36.13533834586466,47.51428571428571,7.104285714285714,0.9,light,578046.8571428572,17,19,37,43,False,True,10115820.0,
2018,44,0.1667372881355932,57.59848484848485,39.80303030303031,49.285714285714285,8.528571428571428,0.9,light,578046.8571428572,17,19,37,43,False,False,10115820.0,
2018,45,0.0961965811965812,42.93984962406015,29.345864661654137,35.94285714285714,9.762857142857143,0.9,light,289023.4285714286,17,19,37,43,False,False,5057910.0,
2018,46,0.0382608695652174,35.54887218045113,22.7218045112782,29.542857142857144,7.845714285714286,0.9,light,72255.85714285714,17,19,37,43,False,False,5057910.0,
2018,47,0.0757575757575757,45.59398496240601,29.661654135338345,37.57142857142857,9.868571428571428,0.9,light,72255.85714285714,17,19,37,43,False,False,5057910.0,
2018,48,0.2323144104803493,38.62015503875969,24.023076923076925,30.2,10.814285714285717,0.9,light,72255.85714285714,17,19,37,43,False,False,5057910.0,
2018,49,0.0163677130044843,33.136,20.32,26.88571428571429,7.255714285714285,0.9,light,72255.85714285714,17,19,37,43,False,False,5057910.0,
2018,50,0.0688839285714285,42.84920634920635,24.936507936507937,33.285714285714285,7.732857142857142,0.9,light,72255.85714285714,17,19,37,43,False,False,5057910.0,
2018,51,0.0154464285714285,44.568,28.515873015873016,36.25714285714286,8.610000000000001,0.9,light,72255.85714285714,17,19,37,43,False,False,5057910.0,
2018,52,0.0963839285714285,43.36507936507937,25.761904761904763,33.77142857142857,9.437142857142858,0.9,light,72255.85714285714,17,19,37,43,False,False,5057910.0,
2019,1,0.1049354838709677,41.19018404907976,27.55828220858896,33.73684210526316,9.569047619047618,0.9,light,72255.85714285714,17,24,40,47,False,False,5057910.0,
2019,2,0.1180149812734082,37.3469387755102,24.040816326530614,32.08571428571429,11.61948051948052,0.9,light,72255.85714285714,17,24,40,47,False,False,5057910.0,
2019,3,0.0549626865671641,30.31972789115646,19.727891156462587,25.685714285714287,9.275324675324676,0.9,light,72255.85714285714,17,24,40,47,False,False,5057910.0,
2019,4,0.1209259259259259,24.445205479452056,2.568493150684932,13.571428571428571,10.337662337662335,0.9,light,72255.85714285714,17,24,40,47,False,False,5057910.0,
2019,5,0.0401831501831501,24.598639455782312,2.802721088435374,13.714285714285714,11.04025974025974,0.9,light,72255.85714285714,17,24,40,47,False,False,5057910.0,
2019,6,0.1534296028880866,35.04794520547945,18.84931506849315,26.257142857142856,10.287012987012988,0.9,light,72255.85714285714,17,24,40,47,False,False,5057910.0,
2019,7,0.1065591397849462,34.6530612244898,18.918367346938776,26.62857142857143,12.154545454545454,0.9,light,72255.85714285714,17,24,40,47,False,False,5057910.0,
2019,8,0.1205714285714285,38.13605442176871,22.08843537414966,29.97142857142857,11.467532467532468,0.9,light,72255.85714285714,17,24,40,47,False,False,5057910.0,
2019,9,0.0027338129496402,31.877551020408163,16.210884353741495,23.62857142857143,9.166233766233766,0.9,light,72255.85714285714,17,24,40,47,False,False,5057910.0,
2019,10,0.1524460431654676,31.84246575342466,16.041095890410958,23.88571428571429,11.61038961038961,0.9,light,72255.85714285714,17,24,40,47,False,False,5057910.0,
2019,11,0.1203928571428571,50.36054421768708,31.285714285714285,41.0,11.6012987012987,0.9,light,72255.85714285714,17,24,40,47,False,False,5057910.0,
2019,12,0.038853046594982,51.417808219178085,30.73972602739726,42.51428571428571,7.576623376623377,0.9,light,72255.85714285714,17,24,40,47,False,False,5057910.0,
2019,13,0.1992142857142857,54.23809523809524,32.8843537414966,45.0,10.096103896103896,0.9,light,72255.85714285714,17,24,40,47,False,False,5057910.0,
2019,14,0.0493571428571428,57.84353741496599,37.68027210884354,48.85714285714285,8.467532467532468,0.9,light,72255.85714285714,17,24,40,47,False,False,5057910.0,
2019,15,0.1526785714285714,61.6551724137931,40.41379310344828,50.68571428571428,12.550666666666666,0.9,light,72255.85714285714,17,24,40,47,False,False,5057910.0,
2019,16,0.1251071428571428,65.63698630136986,40.6986301369863,54.97142857142857,11.63157894736842,0.9,light,346828.1142857142,17,24,40,47,False,False,8092656.0,
2019,17,0.1277419354838709,64.52380952380952,43.925170068027214,54.885714285714286,9.603896103896105,0.9,light,346828.1142857142,17,24,40,47,True,False,8092656.0,
2019,18,0.4643571428571429,62.10204081632653,45.48979591836735,54.22857142857143,7.953246753246753,0.9,light,346828.1142857142,17,24,40,47,True,False,8092656.0,
2019,19,0.1905357142857142,64.55102040816327,46.3469387755102,55.371428571428574,9.328571428571427,0.9,light,346828.1142857142,17,24,40,47,True,False,8092656.0,
2019,20,0.16025,74.14383561643835,50.93197278911565,64.02857142857142,8.592207792207793,0.9,light,346828.1142857142,17,24,40,47,True,False,8092656.0,
2019,21,0.34475,74.48979591836735,55.72108843537415,65.08571428571429,10.263636363636364,0.9,light,115609.37142857144,17,24,40,47,True,False,8092656.0,
2019,22,0.2990714285714285,79.31292517006803,59.17006802721088,69.91428571428571,7.681818181818182,0.9,light,115609.37142857144,17,24,40,47,True,False,8092656.0,
2019,23,0.0874285714285714,82.49659863945578,60.91836734693877,73.08571428571429,8.225974025974025,0.9,light,72255.85714285714,17,24,40,47,True,False,5057910.0,
2019,24,0.2260357142857142,76.02721088435374,55.40136054421769,66.85714285714286,9.475324675324677,0.9,light,72255.85714285714,17,24,40,47,True,False,5057910.0,
2019,25,0.2623571428571428,76.79591836734694,60.55102040816327,69.22857142857143,6.998701298701298,0.9,light,72255.85714285714,17,24,40,47,False,False,5057910.0,
2019,26,0.1107857142857142,87.30555555555556,65.84027777777777,77.22857142857143,7.04025974025974,0.9,light,72255.85714285714,17,24,40,47,False,False,5057910.0,
2019,27,0.2026164874551971,89.0204081632653,69.7687074829932,79.48571428571428,6.131578947368421,0.9,light,72255.85714285714,17,24,40,47,False,False,5057910.0,
2019,28,0.0350714285714285,88.3061224489796,65.8639455782313,78.88571428571429,5.679220779220779,0.9,light,72255.85714285714,17,24,40,47,False,False,5057910.0,
2019,29,0.1476618705035971,89.5,72.12413793103448,80.87878787878788,8.005333333333333,0.9,light,72255.85714285714,17,24,40,47,False,False,5057910.0,
2019,30,0.0346520146520146,84.00714285714285,61.71428571428572,74.85714285714286,6.775714285714286,0.9,light,72255.85714285714,17,24,40,47,False,False,5057910.0,
2019,31,0.0293040293040293,83.90714285714286,60.67142857142857,73.82142857142857,4.825714285714286,0.9,light,72255.85714285714,17,24,40,47,False,False,5057910.0,
2019,32,0.085054945054945,85.29285714285714,62.35714285714285,75.17857142857143,4.648571428571429,0.9,light,72255.85714285714,17,24,40,47,False,False,5057910.0,
2019,33,0.1603296703296703,82.79285714285714,65.55714285714286,74.5,5.707142857142857,0.9,light,72255.85714285714,17,24,40,47,False,False,5057910.0,
2019,34,0.1324264705882353,80.83571428571429,61.75,71.82142857142857,5.868571428571428,0.9,light,72255.85714285714,17,24,40,47,False,False,5057910.0,
2019,35,0.1753383458646616,78.01428571428572,59.41428571428571,68.92857142857143,6.665714285714286,0.9,light,144511.7142857143,17,24,40,47,False,False,10115820.0,
2019,36,0.0995864661654135,78.27338129496403,57.65467625899281,68.85714285714286,5.622857142857143,0.9,light,578046.8571428572,17,24,40,47,False,False,10115820.0,
2019,37,0.2985714285714286,83.57142857142857,63.067669172932334,74.35714285714286,7.26031746031746,0.9,light,578046.8571428572,17,24,40,47,False,False,10115820.0,
2019,38,0.1800751879699248,83.21052631578948,64.0,74.64285714285714,6.650793650793651,0.9,light,578046.8571428572,17,24,40,47,False,False,10115820.0,
2019,39,0.4948872180451127,77.12781954887218,56.93233082706767,67.67857142857143,7.703174603174603,0.9,light,578046.8571428572,17,24,40,47,False,False,10115820.0,
2019,40,0.1804247104247104,75.00787401574803,55.44881889763779,65.78571428571429,8.387301587301588,0.9,light,578046.8571428572,17,24,40,47,False,True,10115820.0,
2019,41,0.0991891891891891,66.73809523809524,41.47619047619048,54.32142857142857,7.792063492063492,0.9,light,578046.8571428572,17,24,40,47,False,True,10115820.0,
2019,42,0.001003861003861,61.48412698412698,38.42857142857143,50.85714285714285,7.04920634920635,0.9,light,578046.8571428572,17,24,40,47,False,True,10115820.0,
2019,43,0.3014007782101167,57.29365079365079,39.833333333333336,48.67857142857143,10.504761904761905,0.9,light,578046.8571428572,17,24,40,47,False,True,10115820.0,
2019,44,0.1826717557251908,45.542635658914726,29.86046511627907,37.57142857142857,9.0984126984127,0.9,light,578046.8571428572,17,24,40,47,False,True,10115820.0,
2019,45,0.004360902255639,46.29323308270677,27.25563909774436,38.07142857142857,8.541269841269841,0.9,light,289023.4285714286,17,24,40,47,False,True,5057910.0,
2019,46,0.0326515151515151,35.2406015037594,15.894736842105264,26.321428571428573,7.86984126984127,0.9,light,72255.85714285714,17,24,40,47,False,True,5057910.0,
2019,47,0.0804511278195488,46.0,30.849624060150376,39.392857142857146,8.12063492063492,0.9,light,72255.85714285714,17,24,40,47,False,True,5057910.0,
2019,48,0.1640977443609022,47.59398496240601,32.59398496240601,40.21428571428572,11.292063492063493,0.9,light,72255.85714285714,17,24,40,47,False,False,5057910.0,
2019,49,0.0085714285714285,44.06060606060606,26.35338345864661,36.32142857142857,9.206349206349206,0.9,light,72255.85714285714,17,24,40,47,False,False,5057910.0,
2019,50,0.020566037735849,37.82706766917293,20.35338345864661,30.928571428571427,8.987301587301587,0.9,light,72255.85714285714,17,24,40,47,False,False,5057910.0,
2019,51,0.0198863636363636,35.65413533834587,18.33834586466165,28.5,8.146031746031747,0.9,light,72255.85714285714,17,24,40,47,False,False,5057910.0,
2019,52,0.1447368421052631,54.95488721804512,33.07518796992481,45.71428571428572,8.81904761904762,0.9,light,72255.85714285714,17,24,40,47,False,False,5057910.0,
2020,1,0.014,42.76190476190476,27.457142857142856,35.64,9.838181818181818,0.9,light,72255.85714285714,16,21,39,44,False,False,5057910.0,
2020,2,0.2891729323308271,43.42465753424658,25.86394557823129,34.05714285714286,10.323376623376625,0.9,light,72255.85714285714,16,21,39,44,False,False,5057910.0,
2020,3,0.1204182509505703,34.61904761904762,18.231292517006803,26.257142857142856,11.7,0.9,light,72255.85714285714,16,21,39,44,False,False,5057910.0,
2020,4,0.0790566037735849,31.578231292517007,21.598639455782312,26.285714285714285,8.401298701298701,0.9,light,72255.85714285714,16,21,39,44,False,False,5057910.0,
2020,5,0.0109774436090225,36.25170068027211,28.666666666666668,32.05714285714286,5.967532467532467,0.9,light,72255.85714285714,16,21,39,44,False,False,5057910.0,
2020,6,0.0446969696969697,38.965986394557824,25.14965986394558,31.37142857142857,10.018181818181818,0.9,light,72255.85714285714,16,21,39,44,False,False,5057910.0,
2020,7,0.0697744360902255,32.89115646258504,13.496598639455785,23.228571428571428,7.785714285714286,0.9,light,72255.85714285714,16,21,39,44,False,False,5057910.0,
2020,8,0.0342481203007518,39.97278911564626,20.7687074829932,30.8,9.902597402597404,0.9,light,72255.85714285714,16,21,39,44,False,False,5057910.0,
2020,9,0.0546360153256705,40.87755102040816,25.170068027210885,33.51428571428571,10.963636363636365,0.9,light,72255.85714285714,16,21,39,44,False,False,5057910.0,
2020,10,0.0199624060150375,53.47619047619048,29.82191780821918,42.54285714285714,11.335064935064937,0.9,light,72255.85714285714,16,21,39,44,False,False,5057910.0,
2020,11,0.1688721804511278,50.034013605442176,35.74149659863946,42.65714285714286,10.107792207792206,0.9,light,72255.85714285714,16,21,39,44,False,False,5057910.0,
2020,12,0.1468421052631579,47.48979591836735,33.3469387755102,40.51428571428571,8.806493506493506,0.9,light,72255.85714285714,16,21,39,44,False,False,5057910.0,
2020,13,0.1483712121212121,54.539568345323744,38.539568345323744,46.371428571428574,9.95974025974026,0.9,light,72255.85714285714,16,21,39,44,False,False,5057910.0,
2020,14,0.0092075471698113,57.88194444444444,35.986111111111114,47.74285714285714,7.677631578947368,0.9,light,72255.85714285714,16,21,39,44,False,False,5057910.0,
2020,15,0.0688721804511278,65.55102040816327,40.54109589041096,53.94285714285714,10.3,0.9,light,72255.85714285714,16,21,39,44,False,False,5057910.0,
2020,16,0.0803018867924528,49.66666666666666,29.60958904109589,40.142857142857146,10.425974025974025,0.9,light,346828.1142857142,16,21,39,44,True,False,8092656.0,
2020,17,0.217781954887218,62.006802721088434,39.50340136054422,52.22857142857143,9.387012987012987,0.9,light,346828.1142857142,16,21,39,44,True,False,8092656.0,
2020,18,0.272406015037594,69.12925170068027,46.10204081632653,59.68571428571428,9.977922077922075,0.9,light,346828.1142857142,16,21,39,44,True,False,8092656.0,
2020,19,0.080375939849624,59.142857142857146,38.61904761904762,50.54285714285714,9.981818181818182,0.9,light,346828.1142857142,16,21,39,44,True,False,8092656.0,
2020,20,0.4159774436090225,66.92517006802721,47.42176870748299,57.8,8.571428571428571,0.9,light,346828.1142857142,16,21,39,44,True,False,8092656.0,
2020,21,0.1681578947368421,70.41780821917808,55.89795918367347,63.114285714285714,8.489610389610391,0.9,light,115609.37142857144,16,21,39,44,True,False,8092656.0,
2020,22,0.1295112781954887,79.80952380952381,59.70068027210884,69.85714285714286,7.624675324675325,0.9,light,115609.37142857144,16,21,39,44,False,False,8092656.0,
2020,23,0.0878113207547169,85.95238095238095,62.53061224489796,75.42857142857143,7.825974025974026,0.9,light,72255.85714285714,16,21,39,44,False,False,5057910.0,
2020,24,0.0956015037593984,82.83673469387755,59.7891156462585,72.37142857142857,10.393506493506491,0.9,light,72255.85714285714,16,21,39,44,False,False,5057910.0,
2020,25,0.0477443609022556,85.14965986394557,59.95238095238095,73.68571428571428,5.074025974025973,0.9,light,72255.85714285714,16,21,39,44,False,False,5057910.0,
2020,26,0.2450751879699248,83.88356164383562,63.14383561643836,74.08571428571429,6.64,0.9,light,72255.85714285714,16,21,39,44,False,False,5057910.0,
2020,27,0.0905283018867924,87.9448275862069,68.57142857142857,78.91428571428571,5.220779220779221,0.9,light,72255.85714285714,16,21,39,44,False,False,5057910.0,
2020,28,0.1931954887218045,89.81632653061224,67.98630136986301,80.05714285714286,5.325675675675676,0.9,light,72255.85714285714,16,21,39,44,False,False,5057910.0,
2020,29,0.2069433962264151,85.10204081632654,65.55102040816327,76.71428571428571,7.001298701298702,0.9,light,72255.85714285714,16,21,39,44,False,False,5057910.0,
2020,30,0.1663157894736842,85.68707482993197,66.38095238095238,77.11428571428571,5.023376623376624,0.9,light,72255.85714285714,16,21,39,44,False,False,5057910.0,
2020,31,0.1740601503759398,82.5374149659864,64.89795918367346,74.85714285714286,5.68961038961039,0.9,light,72255.85714285714,16,21,39,44,False,False,5057910.0,
2020,32,0.0293984962406015,79.34693877551021,57.925170068027214,69.68571428571428,5.709090909090909,0.9,light,72255.85714285714,16,21,39,44,False,False,5057910.0,
2020,33,0.0937358490566037,85.5578231292517,63.102739726027394,74.97142857142858,5.088311688311689,0.9,light,72255.85714285714,16,21,39,44,False,False,5057910.0,
2020,34,0.0117293233082706,83.3265306122449,58.02721088435374,72.11428571428571,4.544155844155844,0.9,light,72255.85714285714,16,21,39,44,False,False,5057910.0,
2020,35,0.0108270676691729,88.39455782312925,66.18367346938776,78.37142857142857,5.857142857142857,0.9,light,144511.7142857143,16,21,39,44,False,False,10115820.0,
2020,36,0.1258015267175572,81.80952380952381,58.18367346938776,70.88571428571429,6.707792207792208,0.9,light,578046.8571428572,16,21,39,44,False,False,10115820.0,
2020,37,0.4049606299212598,74.61194029850746,59.57462686567164,65.34285714285714,7.443939393939394,0.9,light,578046.8571428572,16,21,39,44,False,False,10115820.0,
2020,38,3.968253968253968e-05,74.57894736842105,49.21804511278196,62.4,5.719047619047619,0.9,light,578046.8571428572,16,21,39,44,False,False,10115820.0,
2020,39,0.0114682539682539,77.78947368421052,51.69172932330827,65.77142857142857,6.309523809523809,0.9,light,578046.8571428572,16,21,39,44,False,True,10115820.0,
2020,40,0.0906746031746031,62.76335877862596,42.285714285714285,52.25714285714286,7.1000000000000005,0.9,light,578046.8571428572,16,21,39,44,False,True,10115820.0,
2020,41,0.0002380952380952,76.53383458646617,46.97744360902256,62.371428571428574,6.911111111111111,0.9,light,578046.8571428572,16,21,39,44,False,True,10115820.0,
2020,42,0.0190873015873015,68.54135338345864,37.909774436090224,54.6,9.812698412698412,0.9,light,578046.8571428572,16,21,39,44,False,True,10115820.0,
2020,43,0.2286507936507936,57.88721804511278,40.64661654135338,46.885714285714286,9.526984126984129,0.9,light,578046.8571428572,16,21,39,44,False,True,10115820.0,
2020,44,0.048531746031746,48.766917293233085,32.0,40.6,8.798412698412697,0.9,light,578046.8571428572,16,21,39,44,False,True,10115820.0,
2020,45,0.0,69.14285714285714,39.84848484848485,55.34285714285714,8.482539682539683,1.0,dry,289023.4285714286,16,21,39,44,False,False,5057910.0,
2020,46,0.1393650793650793,59.50375939849624,36.0,48.42857142857143,11.56984126984127,0.9,light,72255.85714285714,16,21,39,44,False,False,5057910.0,
2020,47,0.0488888888888888,54.526315789473685,35.18796992481203,45.51428571428571,11.207936507936507,0.9,light,72255.85714285714,16,21,39,44,False,False,5057910.0,
2020,48,0.15,48.16666666666666,32.404580152671755,40.65714285714286,7.647619047619048,0.9,light,72255.85714285714,16,21,39,44,False,False,5057910.0,
2020,49,0.0008196721311475,42.91269841269841,22.45238095238096,32.628571428571426,6.147619047619048,0.9,light,72255.85714285714,16,21,39,44,False,False,5057910.0,
2020,50,0.1377959183673469,47.48412698412698,30.432,37.91428571428571,6.974603174603176,0.9,light,72255.85714285714,16,21,39,44,False,False,5057910.0,
2020,51,0.0031147540983606,36.51587301587302,23.42063492063492,30.34285714285714,8.403174603174604,0.9,light,72255.85714285714,16,21,39,44,False,False,5057910.0,
2020,52,0.0151428571428571,41.20634920634921,19.336,30.914285714285715,13.257142857142858,0.9,light,72255.85714285714,16,21,39,44,False,False,5057910.0,
2020,53,0.1545,35.72222222222222,20.225352112676056,27.6,9.808333333333334,0.9,light,,16,21,39,44,False,False,,
2021,1,0.0006589147286821,32.51428571428571,24.535714285714285,28.571428571428573,7.395714285714287,0.9,light,72255.85714285714,14,19,37,44,False,False,5057910.0,
2021,2,0.0368339768339768,36.66428571428571,25.928571428571427,32.77142857142857,9.464285714285714,0.9,light,72255.85714285714,14,19,37,44,False,False,5057910.0,
2021,3,0.0065250965250965,35.59285714285714,16.978571428571428,27.571428571428573,9.334285714285716,0.9,light,72255.85714285714,14,19,37,44,False,False,5057910.0,
2021,4,0.168203125,31.214285714285715,18.34285714285714,25.685714285714287,10.748571428571427,0.9,light,72255.85714285714,14,19,37,44,False,False,5057910.0,
2021,5,0.0681712062256809,27.48905109489051,11.693430656934307,20.714285714285715,10.502739726027398,0.9,light,72255.85714285714,14,19,37,44,False,False,5057910.0,
2021,6,0.0226190476190476,11.528571428571428,0.9214285714285714,5.514285714285714,10.42837837837838,0.9,light,72255.85714285714,14,19,37,44,False,False,5057910.0,
2021,7,0.0592063492063492,19.92805755395684,-0.1956521739130435,11.685714285714283,8.598701298701299,0.9,light,72255.85714285714,14,19,37,44,False,False,5057910.0,
2021,8,0.0513899613899613,47.10714285714285,28.235714285714284,39.17142857142857,9.972727272727273,0.9,light,72255.85714285714,14,19,37,44,False,False,5057910.0,
2021,9,0.0026640926640926,49.369565217391305,24.38405797101449,38.285714285714285,7.355844155844156,0.9,light,72255.85714285714,14,19,37,44,False,False,5057910.0,
2021,10,0.0243243243243243,61.410071942446045,38.13768115942029,51.285714285714285,11.185714285714283,0.9,light,72255.85714285714,14,19,37,44,False,False,5057910.0,
2021,11,0.2245173745173745,48.65714285714286,31.914285714285715,40.82857142857143,12.211688311688311,0.9,light,72255.85714285714,14,19,37,44,False,False,5057910.0,
2021,12,0.1454826254826254,58.72142857142857,40.864285714285714,50.285714285714285,10.911688311688312,0.9,light,72255.85714285714,14,19,37,44,False,False,5057910.0,
2021,13,0.0017120622568093,58.79285714285714,31.12142857142857,46.8,11.84155844155844,0.9,light,72255.85714285714,14,19,37,44,False,False,5057910.0,
2021,14,0.2247104247104247,69.12142857142857,49.8,59.31428571428572,11.014285714285714,0.9,light,72255.85714285714,14,19,37,44,True,False,5057910.0,
2021,15,0.0126640926640926,59.00714285714286,37.37410071942446,49.25714285714286,7.554545454545456,0.9,light,72255.85714285714,14,19,37,44,True,False,5057910.0,
2021,16,0.0332432432432432,55.57857142857143,35.47857142857143,46.25714285714286,8.037662337662338,0.9,light,346828.1142857142,14,19,37,44,True,False,8092656.0,
2021,17,0.1194980694980695,75.92086330935251,49.55714285714286,65.4,12.951948051948053,0.9,light,346828.1142857142,14,19,37,44,True,False,8092656.0,
2021,18,0.2489575289575289,64.00714285714285,43.35714285714285,55.2,8.774025974025975,0.9,light,346828.1142857142,14,19,37,44,True,False,8092656.0,
2021,19,0.0635907335907335,64.53571428571429,40.621428571428574,54.85714285714285,5.622077922077922,0.9,light,346828.1142857142,14,19,37,44,True,False,8092656.0,
2021,20,0.1611583011583011,77.27857142857142,61.82857142857143,69.6,9.15844155844156,0.9,light,346828.1142857142,14,19,37,44,False,False,8092656.0,
2021,21,0.1450965250965251,74.51428571428572,53.6,64.42857142857143,8.974025974025974,0.9,light,115609.37142857144,14,19,37,44,False,False,8092656.0,
2021,22,0.0079922779922779,80.87769784172662,57.39568345323741,70.91428571428571,6.651948051948053,0.9,light,115609.37142857144,14,19,37,44,False,False,8092656.0,
2021,23,0.0802702702702702,88.67142857142858,66.92857142857143,79.45714285714286,5.076623376623377,0.9,light,72255.85714285714,14,19,37,44,False,False,5057910.0,
2021,24,0.1208880308880308,87.13571428571429,61.62857142857143,77.08571428571429,7.329870129870129,0.9,light,72255.85714285714,14,19,37,44,False,False,5057910.0,
2021,25,0.4416988416988417,79.83571428571429,61.96428571428572,72.14285714285714,9.97012987012987,0.9,light,72255.85714285714,14,19,37,44,False,False,5057910.0,
2021,26,0.1815444015444015,82.94285714285714,64.1,74.71428571428571,5.333766233766234,0.9,light,72255.85714285714,14,19,37,44,False,False,5057910.0,
2021,27,0.1458301158301158,81.6,64.63571428571429,73.97142857142858,6.825974025974026,0.9,light,72255.85714285714,14,19,37,44,False,False,5057910.0,
2021,28,0.2155598455598455,80.32142857142857,64.85,73.2,6.571052631578947,0.9,light,72255.85714285714,14,19,37,44,False,False,5057910.0,
2021,29,0.0539607843137254,86.37777777777778,66.24444444444444,78.0,5.2972602739726025,0.9,light,72255.85714285714,14,19,37,44,False,False,5057910.0,
2021,30,0.1024603174603174,84.0827067669173,64.14285714285714,75.89285714285714,5.454285714285715,0.9,light,72255.85714285714,14,19,37,44,False,False,5057910.0,
2021,31,0.0184523809523809,83.1203007518797,60.849624060150376,73.53571428571429,5.594285714285714,0.9,light,72255.85714285714,14,19,37,44,False,False,5057910.0,
2021,32,0.2446428571428571,85.06015037593986,65.76691729323308,76.10714285714286,7.308571428571429,0.9,light,72255.85714285714,14,19,37,44,False,False,5057910.0,
2021,33,0.0282470119521912,85.31060606060606,63.61363636363637,74.96428571428571,3.815714285714286,0.9,light,72255.85714285714,14,19,37,44,False,False,5057910.0,
2021,34,0.1601190476190476,90.03007518796993,68.17293233082707,78.92857142857143,5.975714285714286,0.9,light,72255.85714285714,14,19,37,44,False,False,5057910.0,
2021,35,0.0811904761904761,79.78947368421052,59.77443609022557,70.60714285714286,5.768571428571429,0.9,light,144511.7142857143,14,19,37,44,False,False,10115820.0,
2021,36,0.0579365079365079,83.0827067669173,57.556390977443606,71.21428571428571,7.238571428571428,0.9,light,578046.8571428572,14,19,37,44,False,False,10115820.0,
2021,37,0.0101190476190476,86.0,59.07518796992481,72.85714285714286,6.171428571428572,0.9,light,578046.8571428572,14,19,37,44,False,True,10115820.0,
2021,38,0.1458333333333333,75.97727272727273,51.93939393939394,64.78571428571429,9.614285714285714,0.9,light,578046.8571428572,14,19,37,44,False,True,10115820.0,
2021,39,0.0587698412698412,84.16541353383458,58.98496240601504,71.82142857142857,6.047142857142857,0.9,light,578046.8571428572,14,19,37,44,False,True,10115820.0,
2021,40,0.1641269841269841,75.65413533834587,60.89473684210526,68.21428571428571,6.5771428571428565,0.9,light,578046.8571428572,14,19,37,44,False,True,10115820.0,
2021,41,0.2676587301587301,69.92481203007519,50.00751879699248,60.25,7.63623188405797,0.9,light,578046.8571428572,14,19,37,44,False,True,10115820.0,
2021,42,0.1366932270916334,64.58333333333333,42.45864661654135,53.57142857142857,7.364705882352942,0.9,light,578046.8571428572,14,19,37,44,False,True,10115820.0,
2021,43,0.3571713147410358,56.57142857142857,42.02255639097744,50.035714285714285,9.831428571428573,0.9,light,578046.8571428572,14,19,37,44,False,True,10115820.0,
2021,44,3.968253968253968e-05,52.47368421052632,29.43609022556391,41.32142857142857,5.927142857142857,0.9,light,578046.8571428572,14,19,37,44,False,True,10115820.0,
2021,45,0.0648809523809523,53.6390977443609,37.3984962406015,46.392857142857146,11.345714285714289,0.9,light,289023.4285714286,14,19,37,44,False,False,5057910.0,
2021,46,0.0221031746031746,49.42857142857143,28.76691729323308,40.892857142857146,9.78,0.9,light,72255.85714285714,14,19,37,44,False,False,5057910.0,
2021,47,0.0172619047619047,44.3984962406015,23.42105263157895,34.75,9.89,0.9,light,72255.85714285714,14,19,37,44,False,False,5057910.0,
2021,48,0.0183333333333333,51.55555555555556,30.672,42.25,7.918571428571428,0.9,light,72255.85714285714,14,19,37,44,False,False,5057910.0,
2021,49,0.1219262295081967,44.784,23.99206349206349,34.535714285714285,11.677142857142856,0.9,light,72255.85714285714,14,19,37,44,False,False,5057910.0,
2021,50,0.0382448979591836,50.21428571428572,30.063492063492063,40.57142857142857,10.86,0.9,light,72255.85714285714,14,19,37,44,False,False,5057910.0,
2021,51,0.0112244897959183,46.47619047619048,26.365079365079364,37.10714285714285,9.141428571428571,0.9,light,72255.85714285714,14,19,37,44,False,False,5057910.0,
2021,52,0.1369142857142857,42.422222222222224,30.42222222222222,35.9,7.968,0.9,light,72255.85714285714,14,19,37,44,False,False,5057910.0,
2021,53,0.2304545454545454,31.7,23.25,27.666666666666668,7.706666666666666,0.9,light,,14,19,37,44,False,False,,
2022,1,0.0105555555555555,26.507142857142856,7.1571428571428575,16.428571428571427,12.487012987012989,0.9,light,63434.57142857143,17,21,38,44,False,False,4440420.0,
2022,2,0.01208,35.142857142857146,16.385714285714286,26.17142857142857,8.512987012987013,0.9,light,63434.57142857143,17,21,38,44,False,False,4440420.0,
2022,3,0.0113888888888888,31.37142857142857,10.157142857142857,20.6,10.944155844155844,0.9,light,63434.57142857143,17,21,38,44,False,False,4440420.0,
2022,4,0.01088,27.75,5.585714285714285,18.485714285714284,9.167123287671233,0.9,light,63434.57142857143,17,21,38,44,False,False,4440420.0,
2022,5,0.1049795918367346,30.464285714285715,10.95,21.542857142857144,11.528571428571428,0.9,light,63434.57142857143,17,21,38,44,False,False,4440420.0,
2022,6,0.0320238095238095,35.42142857142857,18.07857142857143,27.82857142857143,10.174285714285714,0.9,light,63434.57142857143,17,21,38,44,False,False,4440420.0,
2022,7,0.1346963562753036,39.90714285714286,15.928571428571429,29.0,12.968571428571428,0.9,light,63434.57142857143,17,21,38,44,False,False,4440420.0,
2022,8,0.0941935483870967,37.84285714285714,19.48201438848921,29.057142857142857,9.98611111111111,0.9,light,63434.57142857143,17,21,38,44,False,False,4440420.0,
2022,9,0.0490873015873015,56.81428571428572,31.107913669064747,44.08571428571429,10.212987012987012,0.9,light,63434.57142857143,17,21,38,44,False,False,4440420.0,
2022,10,0.0821774193548387,37.29285714285714,20.214285714285715,28.02857142857143,10.212987012987012,0.9,light,63434.57142857143,17,21,38,44,False,False,4440420.0,
2022,11,0.0932142857142857,62.55395683453237,36.65942028985507,50.0,8.337662337662337,0.9,light,63434.57142857143,17,21,38,44,False,False,4440420.0,
2022,12,0.1563095238095238,53.19424460431655,36.44285714285714,45.371428571428574,11.964473684210526,0.9,light,63434.57142857143,17,21,38,44,False,False,4440420.0,
2022,13,0.2296825396825396,48.72857142857143,30.685714285714287,39.94285714285714,10.544736842105262,0.9,light,63434.57142857143,17,21,38,44,False,False,4440420.0,
2022,14,0.1344047619047619,53.50714285714286,34.80714285714286,44.82857142857143,11.812987012987014,0.9,light,63434.57142857143,17,21,38,44,False,False,4440420.0,
2022,15,0.1094444444444444,60.54285714285714,35.75,49.285714285714285,11.458666666666666,0.9,light,63434.57142857143,17,21,38,44,False,False,4440420.0,
2022,16,0.1538095238095238,63.457142857142856,45.11510791366906,54.85714285714285,12.645205479452056,0.9,light,304485.9428571428,17,21,38,44,False,False,7104672.0,
2022,17,0.1038492063492063,63.10791366906475,42.82857142857143,52.82857142857143,11.838157894736844,0.9,light,304485.9428571428,17,21,38,44,True,False,7104672.0,
2022,18,0.1956746031746032,61.207142857142856,45.19285714285714,53.94285714285714,9.66103896103896,0.9,light,304485.9428571428,17,21,38,44,True,False,7104672.0,
2022,19,0.028095238095238,87.54285714285714,63.15,77.22857142857143,9.068831168831167,0.9,light,304485.9428571428,17,21,38,44,True,False,7104672.0,
2022,20,0.1440637450199203,76.80434782608695,53.44202898550725,65.42857142857143,8.761038961038961,0.9,light,304485.9428571428,17,21,38,44,True,False,7104672.0,
2022,21,0.1619444444444444,73.3,53.66428571428571,64.34285714285714,10.188311688311687,0.9,light,101495.3142857143,17,21,38,44,True,False,7104672.0,
2022,22,0.039402390438247,81.93525179856115,59.726618705035975,71.88571428571429,8.326315789473684,0.9,light,101495.3142857143,17,21,38,44,False,False,7104672.0,
2022,23,0.1406349206349206,79.10714285714286,58.96428571428572,69.85714285714286,5.974025974025974,0.9,light,63434.57142857143,17,21,38,44,False,False,4440420.0,
2022,24,0.0672619047619047,90.66187050359711,66.42142857142858,79.97142857142858,8.974025974025974,0.9,light,63434.57142857143,17,21,38,44,False,False,4440420.0,
2022,25,0.1255555555555555,88.61428571428571,62.92142857142857,77.8,7.118181818181818,0.9,light,63434.57142857143,17,21,38,44,False,False,4440420.0,
2022,26,0.031031746031746,84.62589928057554,60.52857142857143,74.31428571428572,6.263636363636364,0.9,light,63434.57142857143,17,21,38,44,False,False,4440420.0,
2022,27,0.2936111111111111,86.23571428571428,67.55,77.8,7.136363636363637,0.9,light,63434.57142857143,17,21,38,44,False,False,4440420.0,
2022,28,0.1395219123505976,83.82142857142857,65.19285714285714,75.65714285714286,6.489610389610389,0.9,light,63434.57142857143,17,21,38,44,False,False,4440420.0,
2022,29,0.13476,88.12949640287769,66.90647482014388,79.65714285714286,7.548051948051949,0.9,light,63434.57142857143,17,21,38,44,False,False,4440420.0,
2022,30,0.05724,81.56115107913669,60.64748201438849,72.2,4.836363636363636,0.9,light,63434.57142857143,17,21,38,44,False,False,4440420.0,
2022,31,0.2328286852589641,87.19424460431655,69.1376811594203,79.08571428571429,6.992957746478873,0.9,light,63434.57142857143,17,21,38,44,False,False,4440420.0,
2022,32,0.1683333333333333,81.25,61.21428571428572,73.14285714285714,6.141428571428572,0.9,light,63434.57142857143,17,21,38,44,False,False,4440420.0,
2022,33,0.1788095238095238,81.39285714285714,59.44285714285714,71.22857142857143,5.361643835616438,0.9,light,63434.57142857143,17,21,38,44,False,False,4440420.0,
2022,34,0.0743650793650793,83.35036496350365,61.11194029850746,73.28571428571429,4.635064935064935,0.9,light,63434.57142857143,17,21,38,44,False,False,4440420.0,
2022,35,0.1506349206349206,83.28571428571429,61.77205882352941,73.22857142857143,6.0,0.9,light,126869.14285714286,17,21,38,44,False,False,8880840.0,
2022,36,0.1232539682539682,79.70588235294117,58.34074074074074,69.68571428571428,5.193506493506494,0.9,light,507476.5714285714,17,21,38,44,False,False,8880840.0,
2022,37,0.1271314741035856,79.55474452554745,56.02205882352941,68.62857142857143,5.966233766233766,0.9,light,507476.5714285714,17,21,38,44,False,False,8880840.0,
2022,38,0.118266129032258,78.70588235294117,55.77941176470589,67.42857142857143,7.538356164383561,0.9,light,507476.5714285714,17,21,38,44,False,True,8880840.0,
2022,39,0.0012244897959183,68.75187969924812,40.66917293233082,55.114285714285714,6.425714285714286,0.9,light,507476.5714285714,17,21,38,44,False,True,8880840.0,
2022,40,0.0084897959183673,70.13533834586467,38.62406015037594,54.74285714285714,5.131428571428572,0.9,light,507476.5714285714,17,21,38,44,False,True,8880840.0,
2022,41,0.0943673469387755,64.94736842105263,39.21052631578947,52.54285714285714,8.837142857142858,0.9,light,507476.5714285714,17,21,38,44,False,True,8880840.0,
2022,42,0.0002857142857142,63.10526315789474,36.92481203007519,50.457142857142856,11.752857142857144,0.9,light,507476.5714285714,17,21,38,44,False,True,8880840.0,
2022,43,0.1747755102040816,63.766917293233085,40.796992481203006,51.82857142857143,8.03857142857143,0.9,light,507476.5714285714,17,21,38,44,False,True,8880840.0,
2022,44,0.1272244897959183,69.02255639097744,44.86259541984733,57.51428571428571,9.897142857142857,0.9,light,507476.5714285714,17,21,38,44,False,True,8880840.0,
2022,45,0.0036326530612244,56.81954887218045,36.21804511278196,46.71428571428572,10.17,0.9,light,253738.2857142857,17,21,38,44,False,False,4440420.0,
2022,46,0.0284081632653061,35.278195488721806,21.157894736842103,28.51428571428572,10.79714285714286,0.9,light,63434.57142857143,17,21,38,44,False,False,4440420.0,
2022,47,0.0815510204081632,52.85714285714285,26.67669172932331,41.02857142857143,6.7371428571428575,0.9,light,63434.57142857143,17,21,38,44,False,False,4440420.0,
2022,48,0.0193061224489795,45.54887218045113,23.69172932330827,34.885714285714286,12.362857142857145,0.9,light,63434.57142857143,17,21,38,44,False,False,4440420.0,
2022,49,0.0671020408163265,44.01503759398496,32.60606060606061,38.25714285714286,5.908571428571429,0.9,light,63434.57142857143,17,21,38,44,False,False,4440420.0,
2022,50,0.2368979591836734,37.2406015037594,27.24812030075188,32.57142857142857,12.035714285714286,0.9,light,63434.57142857143,17,21,38,44,False,False,4440420.0,
2022,51,0.013099173553719,23.94696969696969,4.909774436090226,13.6,12.36,0.9,light,63434.57142857143,17,21,38,44,False,False,4440420.0,
2022,52,0.0677499999999999,39.27272727272727,20.40909090909091,29.725,11.365853658536585,0.9,light,63434.57142857143,17,21,38,44,False,False,4440420.0,
2023,1,0.1018345323741007,41.821917808219176,30.08843537414966,35.51428571428571,7.941666666666667,0.9,light,63434.57142857143,15,20,37,44,False,False,4440420.0,
2023,2,0.00975,42.59863945578231,27.1156462585034,34.68571428571428,9.24404761904762,0.9,light,63434.57142857143,15,20,37,44,False,False,4440420.0,
2023,3,0.1300357142857143,41.46258503401361,31.46938775510204,36.371428571428574,10.104819277108437,0.9,light,63434.57142857143,15,20,37,44,False,False,4440420.0,
2023,4,0.070431654676259,35.72789115646258,21.231292517006803,27.97142857142857,10.198809523809524,0.9,light,63434.57142857143,15,20,37,44,False,False,4440420.0,
2023,5,0.0013214285714285,30.374149659863946,8.387755102040817,20.31428571428572,9.726190476190476,0.9,light,63434.57142857143,15,20,37,44,False,False,4440420.0,
2023,6,0.1249462365591397,47.18367346938776,24.918367346938776,36.34285714285714,9.123809523809523,0.9,light,63434.57142857143,15,20,37,44,False,False,4440420.0,
2023,7,0.0613261648745519,46.863945578231295,27.83673469387756,38.0,12.298809523809522,0.9,light,63434.57142857143,15,20,37,44,False,False,4440420.0,
2023,8,0.1486379928315412,45.25170068027211,26.285714285714285,35.542857142857144,9.403571428571428,0.9,light,63434.57142857143,15,20,37,44,False,False,4440420.0,
2023,9,0.2065,52.285714285714285,32.6530612244898,42.285714285714285,10.167857142857144,0.9,light,63434.57142857143,15,20,37,44,False,False,4440420.0,
2023,10,0.0962365591397849,47.24489795918368,33.93877551020408,40.457142857142856,11.217857142857142,0.9,light,63434.57142857143,15,20,37,44,False,False,4440420.0,
2023,11,0.0740714285714285,40.564625850340136,22.89115646258504,32.57142857142857,12.43452380952381,0.9,light,63434.57142857143,15,20,37,44,False,False,4440420.0,
2023,12,0.1796071428571428,52.17687074829932,33.12244897959184,43.0,11.020238095238096,0.9,light,63434.57142857143,15,20,37,44,False,False,4440420.0,
2023,13,0.1103571428571428,56.93877551020408,32.19047619047619,45.65714285714286,11.076190476190476,0.9,light,63434.57142857143,15,20,37,44,False,False,4440420.0,
2023,14,0.0914642857142857,65.95918367346938,37.63265306122449,53.0,10.441666666666666,0.9,light,63434.57142857143,15,20,37,44,False,False,4440420.0,
2023,15,0.0683571428571428,76.70068027210884,45.98639455782313,63.25714285714286,10.058333333333334,0.9,light,63434.57142857143,15,20,37,44,True,False,4440420.0,
2023,16,0.0853237410071942,61.27210884353742,37.91836734693877,50.114285714285714,11.475,0.9,light,304485.9428571428,15,20,37,44,True,False,7104672.0,
2023,17,0.0389285714285714,60.85034013605442,36.38775510204081,50.371428571428574,8.033734939759036,0.9,light,304485.9428571428,15,20,37,44,True,False,7104672.0,
2023,18,0.0903571428571428,69.48299319727892,44.97260273972603,59.71428571428572,10.889285714285714,0.9,light,304485.9428571428,15,20,37,44,True,False,7104672.0,
2023,19,0.1959285714285714,76.95918367346938,56.523809523809526,67.6,7.622619047619047,0.9,light,304485.9428571428,15,20,37,44,True,False,7104672.0,
2023,20,0.0613214285714285,74.78231292517007,50.06849315068493,63.114285714285714,6.976190476190476,0.9,light,304485.9428571428,15,20,37,44,True,False,7104672.0,
2023,21,0.0,79.63698630136986,49.73287671232877,66.88571428571429,6.685714285714286,1.0,dry,101495.3142857143,15,20,37,44,False,False,7104672.0,
2023,22,0.0261071428571428,88.91156462585035,60.24489795918368,76.42857142857143,5.354761904761905,0.9,light,101495.3142857143,15,20,37,44,False,False,7104672.0,
2023,23,0.0297849462365591,81.51700680272108,52.58503401360544,69.51428571428572,6.036144578313253,0.9,light,63434.57142857143,15,20,37,44,False,False,4440420.0,
2023,24,0.02825,79.67808219178082,53.95205479452055,69.4,6.889285714285715,0.9,light,63434.57142857143,15,20,37,44,False,False,4440420.0,
2023,25,0.0659285714285714,88.40816326530613,61.99315068493151,77.42857142857143,7.798809523809524,0.9,light,63434.57142857143,15,20,37,44,False,False,4440420.0,
2023,26,0.2202527075812274,82.90972222222223,64.02777777777777,73.8,6.880722891566266,0.9,light,63434.57142857143,15,20,37,44,False,False,4440420.0,
2023,27,0.20525,84.10884353741497,62.97278911564626,74.31428571428572,5.245238095238095,0.9,light,63434.57142857143,15,20,37,44,False,False,4440420.0,
2023,28,0.1997491039426523,85.42857142857143,63.30612244897959,75.74285714285715,6.215476190476191,0.9,light,63434.57142857143,15,20,37,44,False,False,4440420.0,
2023,29,0.0276618705035971,83.04081632653062,60.68707482993197,72.88571428571429,4.823809523809524,0.9,light,63434.57142857143,15,20,37,44,False,False,4440420.0,
2023,30,0.1580357142857142,89.95918367346938,67.4625850340136,80.68571428571428,6.165060240963856,0.9,light,63434.57142857143,15,20,37,44,False,False,4440420.0,
2023,31,0.1733333333333333,82.49659863945578,64.10204081632654,73.68571428571428,5.669047619047619,0.9,light,63434.57142857143,15,20,37,44,False,False,4440420.0,
2023,32,0.2091428571428571,81.80272108843538,62.69387755102041,72.22857142857143,5.435365853658537,0.9,light,63434.57142857143,15,20,37,44,False,False,4440420.0,
2023,33,0.1090357142857142,80.44897959183673,58.81632653061224,71.08571428571429,7.060714285714286,0.9,light,63434.57142857143,15,20,37,44,False,False,4440420.0,
2023,34,0.0518928571428571,89.84246575342466,69.48979591836735,80.65714285714286,6.816666666666667,0.9,light,63434.57142857143,15,20,37,44,False,False,4440420.0,
2023,35,0.0036785714285714,82.0,54.93150684931507,69.65714285714286,5.792857142857143,0.9,light,126869.14285714286,15,20,37,44,False,False,8880840.0,
2023,36,0.0582014388489208,80.54794520547945,61.17808219178082,71.14285714285714,7.1012048192771084,0.9,light,507476.5714285714,15,20,37,44,False,False,8880840.0,
2023,37,0.1374285714285714,75.41496598639456,50.8843537414966,63.4,4.475,0.9,light,507476.5714285714,15,20,37,44,False,True,8880840.0,
2023,38,0.14975,78.9047619047619,56.90476190476191,68.42857142857143,6.159523809523809,0.9,light,507476.5714285714,15,20,37,44,False,True,8880840.0,
2023,39,0.0696071428571428,80.71428571428571,57.523809523809526,69.68571428571428,4.960714285714285,0.9,light,507476.5714285714,15,20,37,44,False,True,8880840.0,
2023,40,0.0652142857142857,74.48299319727892,51.06122448979592,63.285714285714285,6.983333333333333,0.9,light,507476.5714285714,15,20,37,44,False,True,8880840.0,
2023,41,0.25,64.28571428571429,43.36734693877551,54.25714285714286,8.083333333333334,0.9,light,507476.5714285714,15,20,37,44,False,True,8880840.0,
2023,42,0.0382857142857142,64.23809523809524,41.197278911564624,53.114285714285714,7.444047619047619,0.9,light,507476.5714285714,15,20,37,44,False,True,8880840.0,
2023,43,0.1780935251798561,66.21917808219177,47.842465753424655,57.142857142857146,10.371428571428572,0.9,light,507476.5714285714,15,20,37,44,False,True,8880840.0,
2023,44,0.0143928571428571,51.156462585034014,29.17687074829932,40.6,8.508333333333335,0.9,light,507476.5714285714,15,20,37,44,False,True,8880840.0,
2023,45,0.0060714285714285,60.70068027210884,37.23972602739726,49.62857142857143,8.777380952380952,0.9,light,253738.2857142857,15,20,37,44,False,False,4440420.0,
2023,46,0.0010357142857142,62.12925170068027,30.44137931034483,47.42857142857143,6.851807228915663,0.9,light,63434.57142857143,15,20,37,44,False,False,4440420.0,
2023,47,0.0954838709677419,44.265306122448976,30.79591836734694,37.34285714285714,8.411904761904761,0.9,light,63434.57142857143,15,20,37,44,False,False,4440420.0,
2023,48,0.1439928057553957,40.51034482758621,26.65277777777778,33.77142857142857,8.416666666666666,0.9,light,63434.57142857143,15,20,37,44,False,False,4440420.0,
2023,49,0.0519475655430711,46.97142857142857,33.17857142857143,40.57142857142857,10.8,0.9,light,63434.57142857143,15,20,37,44,False,False,4440420.0,
2023,50,0.0712087912087912,46.5,28.285714285714285,37.48571428571429,6.758333333333334,0.9,light,63434.57142857143,15,20,37,44,False,False,4440420.0,
2023,51,0.0610989010989011,45.707142857142856,32.02857142857143,40.42857142857143,8.38452380952381,0.9,light,63434.57142857143,15,20,37,44,False,False,4440420.0,
2023,52,0.1031629392971246,43.50931677018634,32.39751552795031,38.375,9.096875,0.9,light,63434.57142857143,15,20,37,44,False,False,4440420.0,
2024,1,0.072258064516129,37.75,28.13888888888889,33.37777777777778,7.6948453608247425,0.9,light,63434.57142857143,16,22,37,43,False,False,4440420.0,
2024,2,0.2737735849056604,31.164285714285715,18.235714285714284,23.942857142857143,14.403896103896102,0.9,light,63434.57142857143,16,22,37,43,False,False,4440420.0,
2024,3,0.0138257575757575,14.85,-2.321428571428572,5.971428571428572,10.17012987012987,0.9,light,63434.57142857143,16,22,37,43,False,False,4440420.0,
2024,4,0.2290566037735849,37.79710144927536,30.414285714285715,35.02857142857143,7.354545454545454,0.9,light,63434.57142857143,16,22,37,43,False,False,4440420.0,
2024,5,0.0030827067669172,45.96428571428572,31.568345323741006,38.8,8.872727272727273,0.9,light,63434.57142857143,16,22,37,43,False,False,4440420.0,
2024,6,0.0045488721804511,50.33571428571429,30.35507246376812,40.71428571428572,8.468,0.9,light,63434.57142857143,16,22,37,43,False,False,4440420.0,
2024,7,0.0269548872180451,42.302158273381295,21.51428571428572,32.857142857142854,9.571428571428571,0.9,light,63434.57142857143,16,22,37,43,False,False,4440420.0,
2024,8,0.0193609022556391,55.92857142857143,28.47142857142857,43.34285714285714,8.324675324675324,0.9,light,63434.57142857143,16,22,37,43,False,False,4440420.0,
2024,9,0.0273308270676691,59.59285714285714,28.72142857142857,45.285714285714285,11.938961038961038,0.9,light,63434.57142857143,16,22,37,43,False,False,4440420.0,
2024,10,0.1979323308270676,55.9,37.621428571428574,46.885714285714286,10.35064935064935,0.9,light,63434.57142857143,16,22,37,43,False,False,4440420.0,
2024,11,0.093984962406015,63.34285714285714,37.1,51.371428571428574,11.335064935064937,0.9,light,63434.57142857143,16,22,37,43,False,False,4440420.0,
2024,12,0.0177443609022556,48.392857142857146,27.992805755395683,38.48571428571429,10.984415584415585,0.9,light,63434.57142857143,16,22,37,43,False,False,4440420.0,
2024,13,0.1733333333333333,58.44604316546763,36.38405797101449,48.71428571428572,11.739473684210529,0.9,light,63434.57142857143,16,22,37,43,False,False,4440420.0,
2024,14,0.291578947368421,52.23571428571429,36.31428571428572,44.57142857142857,12.117105263157894,0.9,light,63434.57142857143,16,22,37,43,False,False,4440420.0,
2024,15,0.086390977443609,69.3,44.76258992805755,58.71428571428572,9.72857142857143,0.9,light,63434.57142857143,16,22,37,43,False,False,4440420.0,
2024,16,0.0984962406015037,66.82857142857142,44.18571428571428,56.34285714285714,11.42987012987013,0.9,light,304485.9428571428,16,22,37,43,True,False,7104672.0,
2024,17,0.269172932330827,66.05,43.88235294117647,57.2,11.732894736842104,0.9,light,304485.9428571428,16,22,37,43,True,False,7104672.0,
2024,18,0.1845454545454545,75.71942446043165,51.75,65.05714285714286,7.817105263157895,0.9,light,304485.9428571428,16,22,37,43,True,False,7104672.0,
2024,19,0.1557142857142857,74.33812949640287,51.48550724637681,64.57142857142857,8.12463768115942,0.9,light,304485.9428571428,16,22,37,43,True,False,7104672.0,
2024,20,0.1086842105263157,77.78260869565217,56.19565217391305,68.97058823529412,6.4125,0.9,light,304485.9428571428,16,22,37,43,True,False,7104672.0,
2024,21,0.1503030303030303,81.44604316546763,59.15714285714286,71.14285714285714,9.711688311688311,0.9,light,101495.3142857143,16,22,37,43,True,False,7104672.0,
2024,22,0.1477272727272727,75.65714285714286,54.62857142857143,66.17142857142858,7.3428571428571425,0.9,light,101495.3142857143,16,22,37,43,True,False,7104672.0,
2024,23,0.1206766917293233,81.84285714285714,59.74285714285714,72.4,8.82077922077922,0.9,light,63434.57142857143,16,22,37,43,False,False,4440420.0,
2024,24,0.0445112781954887,85.27142857142857,59.0863309352518,74.45714285714286,7.62077922077922,0.9,light,63434.57142857143,16,22,37,43,False,False,4440420.0,
2024,25,0.1598496240601503,90.87142857142857,70.66428571428571,82.0,9.253246753246753,0.9,light,63434.57142857143,16,22,37,43,False,False,4440420.0,
2024,26,0.160187969924812,84.29285714285714,64.62142857142857,75.88571428571429,8.075324675324675,0.9,light,63434.57142857143,16,22,37,43,False,False,4440420.0,
2024,27,0.1282641509433962,82.68571428571428,62.385714285714286,73.71428571428571,6.328571428571428,0.9,light,63434.57142857143,16,22,37,43,False,False,4440420.0,
2024,28,0.3296992481203007,84.57142857142857,65.59285714285714,75.37142857142857,5.57012987012987,0.9,light,63434.57142857143,16,22,37,43,False,False,4440420.0,
2024,29,0.2295112781954887,82.43571428571428,61.935251798561154,73.17142857142858,5.279220779220779,0.9,light,63434.57142857143,16,22,37,43,False,False,4440420.0,
2024,30,0.0792075471698113,82.96428571428571,62.79285714285714,73.54285714285714,4.846753246753247,0.9,light,63434.57142857143,16,22,37,43,False,False,4440420.0,
2024,31,0.1772932330827067,86.67857142857143,67.97142857142858,77.54285714285714,5.306493506493506,0.9,light,63434.57142857143,16,22,37,43,False,False,4440420.0,
2024,32,0.0302255639097744,80.67857142857143,60.24285714285714,70.94285714285714,6.702597402597403,0.9,light,63434.57142857143,16,22,37,43,False,False,4440420.0,
2024,33,0.2022556390977443,81.77857142857142,62.77142857142857,72.4,6.088311688311689,0.9,light,63434.57142857143,16,22,37,43,False,False,4440420.0,
2024,34,0.0002631578947368,80.4,56.82142857142857,69.85714285714286,5.55064935064935,0.9,light,63434.57142857143,16,22,37,43,False,False,4440420.0,
2024,35,0.18875,88.4748201438849,66.70503597122303,77.94285714285714,6.013333333333334,0.9,light,126869.14285714286,16,22,37,43,False,False,8880840.0,
2024,36,0.0028136882129277,77.26428571428572,50.635714285714286,64.25714285714285,5.47922077922078,0.9,light,507476.5714285714,16,22,37,43,False,False,8880840.0,
2024,37,0.0109774436090225,83.58571428571429,54.8,69.34285714285714,5.066233766233767,0.9,light,507476.5714285714,16,22,37,43,False,True,8880840.0,
2024,38,0.0557894736842105,87.62142857142857,58.17142857142857,73.37142857142857,4.3441558441558445,0.9,light,507476.5714285714,16,22,37,43,False,True,8880840.0,
2024,39,0.1867300380228136,74.44202898550725,57.7463768115942,66.37142857142857,7.716176470588236,0.9,light,507476.5714285714,16,22,37,43,False,True,8880840.0,
2024,40,0.0231578947368421,78.11510791366906,50.785714285714285,65.77142857142857,7.061333333333334,0.9,light,507476.5714285714,16,22,37,43,False,True,8880840.0,
2024,41,0.000188679245283,76.65467625899281,45.26618705035971,60.48571428571429,5.9828947368421055,0.9,light,507476.5714285714,16,22,37,43,False,True,8880840.0,
2024,42,0.0055094339622641,65.33093525179856,35.62589928057554,51.05714285714286,6.830666666666666,0.9,light,507476.5714285714,16,22,37,43,False,True,8880840.0,
2024,43,0.0678195488721804,69.42857142857143,39.30714285714286,55.8,6.741558441558442,0.9,light,507476.5714285714,16,22,37,43,False,True,8880840.0,
2024,44,0.0580377358490566,69.08571428571429,45.65,58.48571428571429,12.414285714285716,0.9,light,507476.5714285714,16,22,37,43,False,False,8880840.0,
2024,45,0.3565413533834586,61.79285714285714,46.51798561151079,54.17142857142857,8.586666666666666,0.9,light,253738.2857142857,16,22,37,43,False,False,4440420.0,
2024,46,0.048566037735849,55.22857142857143,38.642857142857146,47.371428571428574,8.215584415584416,0.9,light,63434.57142857143,16,22,37,43,False,False,4440420.0,
2024,47,0.0974230769230769,51.81428571428572,37.87407407407407,45.68571428571428,11.828947368421051,0.9,light,63434.57142857143,16,22,37,43,False,False,4440420.0,
2024,48,0.0150375939849624,38.381294964028775,23.142857142857142,31.37142857142857,9.248051948051948,0.9,light,63434.57142857143,16,22,37,43,False,False,4440420.0,
2024,49,0.0030681818181818,37.11510791366906,16.381294964028775,28.142857142857142,11.00144927536232,0.9,light,63434.57142857143,16,22,37,43,False,False,4440420.0,
2024,50,0.0929811320754717,38.1,22.478571428571428,30.542857142857144,9.610144927536233,0.9,light,63434.57142857143,16,22,37,43,False,False,4440420.0,
2024,51,0.0245977011494252,39.58273381294964,24.06474820143885,32.82857142857143,9.084057971014492,0.9,light,63434.57142857143,16,22,37,43,False,False,4440420.0,
2024,52,0.0945419847328244,46.32857142857143,36.52857142857143,42.0,8.367142857142857,0.9,light,63434.57142857143,16,22,37,43,False,False,4440420.0,
